14:27:01.959 | 00 01 02 03 04 05 06 07 08 09 0a 0b 0c  |  -64
14:27:02.069 | 00 01 02 03 04 05 06 07 08 09 0a 0b 0c  |  -66
14:27:02.312 | 00 01 02 03 04 05 06 07 08 09 0a 0b 0c  |  -65
14:27:02.523 | 00 01 02 03 04 05 06 07 08 09 0a 0b 0c  |  -64
14:27:02.746 | 00 01 02 03 04 05 06 07 08 09 0a 0b 0c  |  -64
14:27:02.965 | 00 01 02 03 04 05 06 07 08 09 0a 0b 0c  |  -64
14:27:03.186 | 00 01 02 03 04 05 06 07 08 09 0a 0b 0c  |  -64
14:27:03.422 | 00 01 02 03 04 05 06 07 08 09 0a 0b 0c  |  -64
14:27:03.657 | 00 01 02 03 04 05 06 07 08 09 0a 0b 0c  |  -66
14:27:03.893 | 00 01 02 03 04 05 06 07 08 09 0a 0b 0c  |  -65
14:27:04.130 | 00 01 02 03 04 05 06 07 08 09 0a 0b 0c  |  -64
14:27:04.349 | 00 01 02 03 04 05 06 07 08 09 0a 0b 0c  |  -65
14:27:04.586 | 00 01 02 03 04 05 06 07 08 09 0a 0b 0c  |  -65
14:27:04.810 | 00 01 02 03 04 05 06 07 08 09 0a 0b 0c  |  -65
14:27:05.049 | 00 01 02 03 04 05 06 07 08 09 0a 0b 0c  |  -64
14:27:05.267 | 00 01 02 03 04 05 06 07 08 09 0a 0b 0c  |  -64
14:27:05.500 | 00 01 02 03 04 05 06 07 08 09 0a 0b 0c  |  -65
14:27:05.712 | 00 01 02 03 04 05 06 07 08 09 0a 0b 0c  |  -66
14:27:05.928 | 00 01 02 03 04 05 06 07 08 09 0a 0b 0c  |  -66
14:27:06.186 | 00 01 02 03 04 05 06 07 08 09 0a 0b 0c  |  -65
14:27:06.423 | 00 01 02 03 04 05 06 07 08 09 0a 0b 0c  |  -65
14:27:06.643 | 00 01 02 03 04 05 06 07 08 09 0a 0b 0c  |  -65
14:27:06.879 | 00 01 02 03 04 05 06 07 08 09 0a 0b 0c  |  -64
14:27:07.100 | 00 01 02 03 04 05 06 07 08 09 0a 0b 0c  |  -64
14:27:07.365 | 00 01 02 03 04 05 06 07 08 09 0a 0b 0c  |  -64
14:27:07.589 | 00 01 02 03 04 05 06 07 08 09 0a 0b 0c  |  -65
14:27:07.816 | 00 01 02 03 04 05 06 07 08 09 0a 0b 0c  |  -65
14:27:08.046 | 00 01 02 03 04 05 06 07 08 09 0a 0b 0c  |  -66
14:27:08.298 | 00 01 02 03 04 05 06 07 08 09 0a 0b 0c  |  -66
14:27:08.566 | 00 01 02 03 04 05 06 07 08 09 0a 0b 0c  |  -66
14:27:08.785 | 00 01 02 03 04 05 06 07 08 09 0a 0b 0c  |  -66
14:27:09.021 | 00 01 02 03 04 05 06 07 08 09 0a 0b 0c  |  -65
14:27:09.257 | 00 01 02 03 04 05 06 07 08 09 0a 0b 0c  |  -65
14:27:09.478 | 00 01 02 03 04 05 06 07 08 09 0a 0b 0c  |  -65
14:27:09.698 | 00 01 02 03 04 05 06 07 08 09 0a 0b 0c  |  -65
14:27:09.951 | 00 01 02 03 04 05 06 07 08 09 0a 0b 0c  |  -65
14:27:10.183 | 00 01 02 03 04 05 06 07 08 09 0a 0b 0c  |  -65
14:27:10.393 | 00 01 02 03 04 05 06 07 08 09 0a 0b 0c  |  -65
14:27:10.628 | 00 01 02 03 04 05 06 07 08 09 0a 0b 0c  |  -65
14:27:10.854 | 00 01 02 03 04 05 06 07 08 09 0a 0b 0c  |  -65
14:27:11.076 | 00 01 02 03 04 05 06 07 08 09 0a 0b 0c  |  -64
14:27:11.318 | 00 01 02 03 04 05 06 07 08 09 0a 0b 0c  |  -64
14:27:11.538 | 00 01 02 03 04 05 06 07 08 09 0a 0b 0c  |  -65
14:27:11.774 | 00 01 02 03 04 05 06 07 08 09 0a 0b 0c  |  -64
14:27:12.042 | 00 01 02 03 04 05 06 07 08 09 0a 0b 0c  |  -65
14:27:12.278 | 00 01 02 03 04 05 06 07 08 09 0a 0b 0c  |  -65
14:27:12.498 | 00 01 02 03 04 05 06 07 08 09 0a 0b 0c  |  -66
14:27:12.750 | 00 01 02 03 04 05 06 07 08 09 0a 0b 0c  |  -66
14:27:13.001 | 00 01 02 03 04 05 06 07 08 09 0a 0b 0c  |  -66
14:27:13.234 | 00 01 02 03 04 05 06 07 08 09 0a 0b 0c  |  -65
14:27:13.468 | 00 01 02 03 04 05 06 07 08 09 0a 0b 0c  |  -64
14:27:13.692 | 00 01 02 03 04 05 06 07 08 09 0a 0b 0c  |  -64
14:27:13.928 | 00 01 02 03 04 05 06 07 08 09 0a 0b 0c  |  -64
14:27:14.149 | 00 01 02 03 04 05 06 07 08 09 0a 0b 0c  |  -63
14:27:14.371 | 00 01 02 03 04 05 06 07 08 09 0a 0b 0c  |  -63
14:27:14.606 | 00 01 02 03 04 05 06 07 08 09 0a 0b 0c  |  -64
14:27:14.811 | 00 01 02 03 04 05 06 07 08 09 0a 0b 0c  |  -64
14:27:15.046 | 00 01 02 03 04 05 06 07 08 09 0a 0b 0c  |  -64
14:27:15.267 | 00 01 02 03 04 05 06 07 08 09 0a 0b 0c  |  -64
14:27:15.495 | 00 01 02 03 04 05 06 07 08 09 0a 0b 0c  |  -64
14:27:15.731 | 00 01 02 03 04 05 06 07 08 09 0a 0b 0c  |  -63
14:27:15.951 | 00 01 02 03 04 05 06 07 08 09 0a 0b 0c  |  -63
14:27:16.188 | 00 01 02 03 04 05 06 07 08 09 0a 0b 0c  |  -64
14:27:16.426 | 00 01 02 03 04 05 06 07 08 09 0a 0b 0c  |  -64
14:27:16.658 | 00 01 02 03 04 05 06 07 08 09 0a 0b 0c  |  -64
14:27:16.901 | 00 01 02 03 04 05 06 07 08 09 0a 0b 0c  |  -64
14:27:17.137 | 00 01 02 03 04 05 06 07 08 09 0a 0b 0c  |  -64
14:27:17.359 | 00 01 02 03 04 05 06 07 08 09 0a 0b 0c  |  -64
14:27:17.594 | 00 01 02 03 04 05 06 07 08 09 0a 0b 0c  |  -64
14:27:17.830 | 00 01 02 03 04 05 06 07 08 09 0a 0b 0c  |  -65
14:27:18.066 | 00 01 02 03 04 05 06 07 08 09 0a 0b 0c  |  -64
14:27:18.296 | 00 01 02 03 04 05 06 07 08 09 0a 0b 0c  |  -64
14:27:18.518 | 00 01 02 03 04 05 06 07 08 09 0a 0b 0c  |  -64
14:27:18.739 | 00 01 02 03 04 05 06 07 08 09 0a 0b 0c  |  -64
14:27:18.975 | 00 01 02 03 04 05 06 07 08 09 0a 0b 0c  |  -64
14:27:19.195 | 00 01 02 03 04 05 06 07 08 09 0a 0b 0c  |  -64
14:27:19.420 | 00 01 02 03 04 05 06 07 08 09 0a 0b 0c  |  -64
14:27:19.653 | 00 01 02 03 04 05 06 07 08 09 0a 0b 0c  |  -64
14:27:19.904 | 00 01 02 03 04 05 06 07 08 09 0a 0b 0c  |  -63
14:27:20.124 | 00 01 02 03 04 05 06 07 08 09 0a 0b 0c  |  -64
14:27:20.360 | 00 01 02 03 04 05 06 07 08 09 0a 0b 0c  |  -64
14:27:20.579 | 00 01 02 03 04 05 06 07 08 09 0a 0b 0c  |  -64
14:27:20.836 | 00 01 02 03 04 05 06 07 08 09 0a 0b 0c  |  -64
14:27:21.059 | 00 01 02 03 04 05 06 07 08 09 0a 0b 0c  |  -64
14:27:21.285 | 00 01 02 03 04 05 06 07 08 09 0a 0b 0c  |  -64
14:27:21.507 | 00 01 02 03 04 05 06 07 08 09 0a 0b 0c  |  -64
14:27:21.779 | 00 01 02 03 04 05 06 07 08 09 0a 0b 0c  |  -64
14:27:22.030 | 00 01 02 03 04 05 06 07 08 09 0a 0b 0c  |  -64
14:27:22.250 | 00 01 02 03 04 05 06 07 08 09 0a 0b 0c  |  -64
14:27:22.471 | 00 01 02 03 04 05 06 07 08 09 0a 0b 0c  |  -64
14:27:22.718 | 00 01 02 03 04 05 06 07 08 09 0a 0b 0c  |  -64
14:27:22.957 | 00 01 02 03 04 05 06 07 08 09 0a 0b 0c  |  -64
14:27:23.193 | 00 01 02 03 04 05 06 07 08 09 0a 0b 0c  |  -64
14:27:23.440 | 00 01 02 03 04 05 06 07 08 09 0a 0b 0c  |  -64
14:27:23.676 | 00 01 02 03 04 05 06 07 08 09 0a 0b 0c  |  -64
14:27:23.904 | 00 01 02 03 04 05 06 07 08 09 0a 0b 0c  |  -64
14:27:24.116 | 00 01 02 03 04 05 06 07 08 09 0a 0b 0c  |  -64
14:27:24.355 | 00 01 02 03 04 05 06 07 08 09 0a 0b 0c  |  -64
14:27:24.588 | 00 01 02 03 04 05 06 07 08 09 0a 0b 0c  |  -64
14:27:24.834 | 00 01 02 03 04 05 06 07 08 09 0a 0b 0c  |  -64
14:27:25.061 | 00 01 02 03 04 05 06 07 08 09 0a 0b 0c  |  -64
14:27:25.297 | 00 01 02 03 04 05 06 07 08 09 0a 0b 0c  |  -64
14:27:25.517 | 00 01 02 03 04 05 06 07 08 09 0a 0b 0c  |  -64
14:27:25.768 | 00 01 02 03 04 05 06 07 08 09 0a 0b 0c  |  -64
14:27:26.001 | 00 01 02 03 04 05 06 07 08 09 0a 0b 0c  |  -63
14:27:26.237 | 00 01 02 03 04 05 06 07 08 09 0a 0b 0c  |  -63
14:27:26.460 | 00 01 02 03 04 05 06 07 08 09 0a 0b 0c  |  -63
14:27:26.696 | 00 01 02 03 04 05 06 07 08 09 0a 0b 0c  |  -63
14:27:26.916 | 00 01 02 03 04 05 06 07 08 09 0a 0b 0c  |  -64
14:27:27.138 | 00 01 02 03 04 05 06 07 08 09 0a 0b 0c  |  -63
14:27:27.374 | 00 01 02 03 04 05 06 07 08 09 0a 0b 0c  |  -64
14:27:27.617 | 00 01 02 03 04 05 06 07 08 09 0a 0b 0c  |  -63
14:27:27.838 | 00 01 02 03 04 05 06 07 08 09 0a 0b 0c  |  -63
14:27:28.063 | 00 01 02 03 04 05 06 07 08 09 0a 0b 0c  |  -62
14:27:28.302 | 00 01 02 03 04 05 06 07 08 09 0a 0b 0c  |  -63
14:27:28.559 | 00 01 02 03 04 05 06 07 08 09 0a 0b 0c  |  -64
14:27:28.779 | 00 01 02 03 04 05 06 07 08 09 0a 0b 0c  |  -64
14:27:29.000 | 00 01 02 03 04 05 06 07 08 09 0a 0b 0c  |  -64
14:27:29.244 | 00 01 02 03 04 05 06 07 08 09 0a 0b 0c  |  -64
14:27:29.484 | 00 01 02 03 04 05 06 07 08 09 0a 0b 0c  |  -64
14:27:29.778 | 00 01 02 03 04 05 06 07 08 09 0a 0b 0c  |  -65
14:27:29.950 | 00 01 02 03 04 05 06 07 08 09 0a 0b 0c  |  -64
14:27:30.178 | 00 01 02 03 04 05 06 07 08 09 0a 0b 0c  |  -65
14:27:30.429 | 00 01 02 03 04 05 06 07 08 09 0a 0b 0c  |  -64
14:27:30.665 | 00 01 02 03 04 05 06 07 08 09 0a 0b 0c  |  -64
14:27:30.887 | 00 01 02 03 04 05 06 07 08 09 0a 0b 0c  |  -64
14:27:31.124 | 00 01 02 03 04 05 06 07 08 09 0a 0b 0c  |  -64
14:27:31.344 | 00 01 02 03 04 05 06 07 08 09 0a 0b 0c  |  -64
14:27:31.569 | 00 01 02 03 04 05 06 07 08 09 0a 0b 0c  |  -63
14:27:31.801 | 00 01 02 03 04 05 06 07 08 09 0a 0b 0c  |  -63
14:27:32.030 | 00 01 02 03 04 05 06 07 08 09 0a 0b 0c  |  -64
14:27:32.261 | 00 01 02 03 04 05 06 07 08 09 0a 0b 0c  |  -65
14:27:32.493 | 00 01 02 03 04 05 06 07 08 09 0a 0b 0c  |  -64
14:27:32.746 | 00 01 02 03 04 05 06 07 08 09 0a 0b 0c  |  -64
14:27:32.972 | 00 01 02 03 04 05 06 07 08 09 0a 0b 0c  |  -64
14:27:33.217 | 00 01 02 03 04 05 06 07 08 09 0a 0b 0c  |  -64
14:27:33.483 | 00 01 02 03 04 05 06 07 08 09 0a 0b 0c  |  -64
14:27:33.704 | 00 01 02 03 04 05 06 07 08 09 0a 0b 0c  |  -64
14:27:33.932 | 00 01 02 03 04 05 06 07 08 09 0a 0b 0c  |  -64
14:27:34.152 | 00 01 02 03 04 05 06 07 08 09 0a 0b 0c  |  -64
14:27:34.387 | 00 01 02 03 04 05 06 07 08 09 0a 0b 0c  |  -63
14:27:34.630 | 00 01 02 03 04 05 06 07 08 09 0a 0b 0c  |  -65
14:27:34.882 | 00 01 02 03 04 05 06 07 08 09 0a 0b 0c  |  -65
14:27:35.102 | 00 01 02 03 04 05 06 07 08 09 0a 0b 0c  |  -64
14:27:35.306 | 00 01 02 03 04 05 06 07 08 09 0a 0b 0c  |  -66
14:27:35.542 | 00 01 02 03 04 05 06 07 08 09 0a 0b 0c  |  -66
14:27:35.778 | 00 01 02 03 04 05 06 07 08 09 0a 0b 0c  |  -66
14:27:36.014 | 00 01 02 03 04 05 06 07 08 09 0a 0b 0c  |  -65
14:27:36.234 | 00 01 02 03 04 05 06 07 08 09 0a 0b 0c  |  -64
14:27:36.492 | 00 01 02 03 04 05 06 07 08 09 0a 0b 0c  |  -64
14:27:36.727 | 00 01 02 03 04 05 06 07 08 09 0a 0b 0c  |  -64
14:27:36.959 | 00 01 02 03 04 05 06 07 08 09 0a 0b 0c  |  -64
14:27:37.184 | 00 01 02 03 04 05 06 07 08 09 0a 0b 0c  |  -64
14:27:37.423 | 00 01 02 03 04 05 06 07 08 09 0a 0b 0c  |  -64
14:27:37.659 | 00 01 02 03 04 05 06 07 08 09 0a 0b 0c  |  -64
14:27:37.895 | 00 01 02 03 04 05 06 07 08 09 0a 0b 0c  |  -64
14:27:38.115 | 00 01 02 03 04 05 06 07 08 09 0a 0b 0c  |  -64
14:27:38.345 | 00 01 02 03 04 05 06 07 08 09 0a 0b 0c  |  -64
14:27:38.566 | 00 01 02 03 04 05 06 07 08 09 0a 0b 0c  |  -64
14:27:38.801 | 00 01 02 03 04 05 06 07 08 09 0a 0b 0c  |  -64
14:27:39.022 | 00 01 02 03 04 05 06 07 08 09 0a 0b 0c  |  -64
14:27:39.241 | 00 01 02 03 04 05 06 07 08 09 0a 0b 0c  |  -64
14:27:39.462 | 00 01 02 03 04 05 06 07 08 09 0a 0b 0c  |  -64
14:27:39.698 | 00 01 02 03 04 05 06 07 08 09 0a 0b 0c  |  -64
14:27:39.934 | 00 01 02 03 04 05 06 07 08 09 0a 0b 0c  |  -63
14:27:40.192 | 00 01 02 03 04 05 06 07 08 09 0a 0b 0c  |  -63
14:27:40.437 | 00 01 02 03 04 05 06 07 08 09 0a 0b 0c  |  -64
14:27:40.662 | 00 01 02 03 04 05 06 07 08 09 0a 0b 0c  |  -64
14:27:40.893 | 00 01 02 03 04 05 06 07 08 09 0a 0b 0c  |  -64
14:27:41.125 | 00 01 02 03 04 05 06 07 08 09 0a 0b 0c  |  -64
14:27:41.334 | 00 01 02 03 04 05 06 07 08 09 0a 0b 0c  |  -64
14:27:41.566 | 00 01 02 03 04 05 06 07 08 09 0a 0b 0c  |  -64
14:27:41.802 | 00 01 02 03 04 05 06 07 08 09 0a 0b 0c  |  -64
14:27:42.038 | 00 01 02 03 04 05 06 07 08 09 0a 0b 0c  |  -64
14:27:42.249 | 00 01 02 03 04 05 06 07 08 09 0a 0b 0c  |  -64
14:27:42.470 | 00 01 02 03 04 05 06 07 08 09 0a 0b 0c  |  -64
14:27:42.690 | 00 01 02 03 04 05 06 07 08 09 0a 0b 0c  |  -64
14:27:42.912 | 00 01 02 03 04 05 06 07 08 09 0a 0b 0c  |  -64
14:27:43.159 | 00 01 02 03 04 05 06 07 08 09 0a 0b 0c  |  -64
14:27:43.397 | 00 01 02 03 04 05 06 07 08 09 0a 0b 0c  |  -64
14:27:43.633 | 00 01 02 03 04 05 06 07 08 09 0a 0b 0c  |  -64
14:27:43.883 | 00 01 02 03 04 05 06 07 08 09 0a 0b 0c  |  -64
14:27:44.131 | 00 01 02 03 04 05 06 07 08 09 0a 0b 0c  |  -64
14:27:44.358 | 00 01 02 03 04 05 06 07 08 09 0a 0b 0c  |  -64
14:27:44.613 | 00 01 02 03 04 05 06 07 08 09 0a 0b 0c  |  -63
14:27:44.861 | 00 01 02 03 04 05 06 07 08 09 0a 0b 0c  |  -64
14:27:45.081 | 00 01 02 03 04 05 06 07 08 09 0a 0b 0c  |  -64
14:27:45.316 | 00 01 02 03 04 05 06 07 08 09 0a 0b 0c  |  -64
14:27:45.537 | 00 01 02 03 04 05 06 07 08 09 0a 0b 0c  |  -64
14:27:45.788 | 00 01 02 03 04 05 06 07 08 09 0a 0b 0c  |  -64
14:27:46.030 | 00 01 02 03 04 05 06 07 08 09 0a 0b 0c  |  -64
14:27:46.251 | 00 01 02 03 04 05 06 07 08 09 0a 0b 0c  |  -63
14:27:46.488 | 00 01 02 03 04 05 06 07 08 09 0a 0b 0c  |  -63
14:27:46.708 | 00 01 02 03 04 05 06 07 08 09 0a 0b 0c  |  -63
14:27:46.928 | 00 01 02 03 04 05 06 07 08 09 0a 0b 0c  |  -63
14:27:47.164 | 00 01 02 03 04 05 06 07 08 09 0a 0b 0c  |  -63
14:27:47.410 | 00 01 02 03 04 05 06 07 08 09 0a 0b 0c  |  -63
14:27:47.648 | 00 01 02 03 04 05 06 07 08 09 0a 0b 0c  |  -63
14:27:47.899 | 00 01 02 03 04 05 06 07 08 09 0a 0b 0c  |  -63
14:27:48.119 | 00 01 02 03 04 05 06 07 08 09 0a 0b 0c  |  -63
14:27:48.363 | 00 01 02 03 04 05 06 07 08 09 0a 0b 0c  |  -63
14:27:48.584 | 00 01 02 03 04 05 06 07 08 09 0a 0b 0c  |  -63
14:27:48.807 | 00 01 02 03 04 05 06 07 08 09 0a 0b 0c  |  -64
14:27:49.056 | 00 01 02 03 04 05 06 07 08 09 0a 0b 0c  |  -63
14:27:49.277 | 00 01 02 03 04 05 06 07 08 09 0a 0b 0c  |  -64
14:27:49.533 | 00 01 02 03 04 05 06 07 08 09 0a 0b 0c  |  -64
14:27:49.769 | 00 01 02 03 04 05 06 07 08 09 0a 0b 0c  |  -64
14:27:50.008 | 00 01 02 03 04 05 06 07 08 09 0a 0b 0c  |  -64
14:27:50.249 | 00 01 02 03 04 05 06 07 08 09 0a 0b 0c  |  -65
14:27:50.466 | 00 01 02 03 04 05 06 07 08 09 0a 0b 0c  |  -65
14:27:50.702 | 00 01 02 03 04 05 06 07 08 09 0a 0b 0c  |  -64
14:27:50.923 | 00 01 02 03 04 05 06 07 08 09 0a 0b 0c  |  -65
14:27:51.142 | 00 01 02 03 04 05 06 07 08 09 0a 0b 0c  |  -65
14:27:51.378 | 00 01 02 03 04 05 06 07 08 09 0a 0b 0c  |  -65
14:27:51.617 | 00 01 02 03 04 05 06 07 08 09 0a 0b 0c  |  -65
14:27:51.838 | 00 01 02 03 04 05 06 07 08 09 0a 0b 0c  |  -65
14:27:52.073 | 00 01 02 03 04 05 06 07 08 09 0a 0b 0c  |  -66
14:27:52.306 | 00 01 02 03 04 05 06 07 08 09 0a 0b 0c  |  -64
14:27:52.547 | 00 01 02 03 04 05 06 07 08 09 0a 0b 0c  |  -64
14:27:52.767 | 00 01 02 03 04 05 06 07 08 09 0a 0b 0c  |  -65
14:27:52.996 | 00 01 02 03 04 05 06 07 08 09 0a 0b 0c  |  -64
14:27:53.244 | 00 01 02 03 04 05 06 07 08 09 0a 0b 0c  |  -64
14:27:53.466 | 00 01 02 03 04 05 06 07 08 09 0a 0b 0c  |  -64
14:27:53.718 | 00 01 02 03 04 05 06 07 08 09 0a 0b 0c  |  -65
14:27:53.972 | 00 01 02 03 04 05 06 07 08 09 0a 0b 0c  |  -65
14:27:54.208 | 00 01 02 03 04 05 06 07 08 09 0a 0b 0c  |  -64
14:27:54.444 | 00 01 02 03 04 05 06 07 08 09 0a 0b 0c  |  -65
14:27:54.675 | 00 01 02 03 04 05 06 07 08 09 0a 0b 0c  |  -64
14:27:54.927 | 00 01 02 03 04 05 06 07 08 09 0a 0b 0c  |  -64
14:27:55.150 | 00 01 02 03 04 05 06 07 08 09 0a 0b 0c  |  -65
14:27:55.384 | 00 01 02 03 04 05 06 07 08 09 0a 0b 0c  |  -65
14:27:55.621 | 00 01 02 03 04 05 06 07 08 09 0a 0b 0c  |  -64
14:27:55.857 | 00 01 02 03 04 05 06 07 08 09 0a 0b 0c  |  -64
14:27:56.093 | 00 01 02 03 04 05 06 07 08 09 0a 0b 0c  |  -64
14:27:56.329 | 00 01 02 03 04 05 06 07 08 09 0a 0b 0c  |  -64
14:27:56.549 | 00 01 02 03 04 05 06 07 08 09 0a 0b 0c  |  -64
14:27:56.793 | 00 01 02 03 04 05 06 07 08 09 0a 0b 0c  |  -64
14:27:57.024 | 00 01 02 03 04 05 06 07 08 09 0a 0b 0c  |  -64
14:27:57.260 | 00 01 02 03 04 05 06 07 08 09 0a 0b 0c  |  -64
14:27:57.497 | 00 01 02 03 04 05 06 07 08 09 0a 0b 0c  |  -64
14:27:57.776 | 00 01 02 03 04 05 06 07 08 09 0a 0b 0c  |  -64
14:27:57.964 | 00 01 02 03 04 05 06 07 08 09 0a 0b 0c  |  -64
14:27:58.200 | 00 01 02 03 04 05 06 07 08 09 0a 0b 0c  |  -64
14:27:58.430 | 00 01 02 03 04 05 06 07 08 09 0a 0b 0c  |  -64
14:27:58.665 | 00 01 02 03 04 05 06 07 08 09 0a 0b 0c  |  -64
14:27:58.890 | 00 01 02 03 04 05 06 07 08 09 0a 0b 0c  |  -64
14:27:59.121 | 00 01 02 03 04 05 06 07 08 09 0a 0b 0c  |  -64
14:27:59.357 | 00 01 02 03 04 05 06 07 08 09 0a 0b 0c  |  -64
14:27:59.583 | 00 01 02 03 04 05 06 07 08 09 0a 0b 0c  |  -64
14:27:59.816 | 00 01 02 03 04 05 06 07 08 09 0a 0b 0c  |  -64
14:28:00.063 | 00 01 02 03 04 05 06 07 08 09 0a 0b 0c  |  -64
14:28:00.290 | 00 01 02 03 04 05 06 07 08 09 0a 0b 0c  |  -64
14:28:00.525 | 00 01 02 03 04 05 06 07 08 09 0a 0b 0c  |  -64
14:28:00.761 | 00 01 02 03 04 05 06 07 08 09 0a 0b 0c  |  -64
14:28:00.996 | 00 01 02 03 04 05 06 07 08 09 0a 0b 0c  |  -64
14:28:01.223 | 00 01 02 03 04 05 06 07 08 09 0a 0b 0c  |  -51
14:28:01.459 | 00 01 02 03 04 05 06 07 08 09 0a 0b 0c  |  -65
14:28:01.695 | 00 01 02 03 04 05 06 07 08 09 0a 0b 0c  |  -65
14:28:01.930 | 00 01 02 03 04 05 06 07 08 09 0a 0b 0c  |  -65
14:28:02.137 | 00 01 02 03 04 05 06 07 08 09 0a 0b 0c  |  -66
14:28:02.380 | 00 01 02 03 04 05 06 07 08 09 0a 0b 0c  |  -65
14:28:02.625 | 00 01 02 03 04 05 06 07 08 09 0a 0b 0c  |  -64
14:28:02.877 | 00 01 02 03 04 05 06 07 08 09 0a 0b 0c  |  -64
14:28:03.112 | 00 01 02 03 04 05 06 07 08 09 0a 0b 0c  |  -64
14:28:03.333 | 00 01 02 03 04 05 06 07 08 09 0a 0b 0c  |  -64
14:28:03.566 | 00 01 02 03 04 05 06 07 08 09 0a 0b 0c  |  -64
14:28:03.790 | 00 01 02 03 04 05 06 07 08 09 0a 0b 0c  |  -65
14:28:04.045 | 00 01 02 03 04 05 06 07 08 09 0a 0b 0c  |  -65
14:28:04.279 | 00 01 02 03 04 05 06 07 08 09 0a 0b 0c  |  -64
14:28:04.499 | 00 01 02 03 04 05 06 07 08 09 0a 0b 0c  |  -64
14:28:04.755 | 00 01 02 03 04 05 06 07 08 09 0a 0b 0c  |  -64
14:28:04.999 | 00 01 02 03 04 05 06 07 08 09 0a 0b 0c  |  -64
14:28:05.220 | 00 01 02 03 04 05 06 07 08 09 0a 0b 0c  |  -64
14:28:05.427 | 00 01 02 03 04 05 06 07 08 09 0a 0b 0c  |  -64
14:28:05.679 | 00 01 02 03 04 05 06 07 08 09 0a 0b 0c  |  -65
14:28:05.915 | 00 01 02 03 04 05 06 07 08 09 0a 0b 0c  |  -64
14:28:06.158 | 00 01 02 03 04 05 06 07 08 09 0a 0b 0c  |  -64
14:28:06.391 | 00 01 02 03 04 05 06 07 08 09 0a 0b 0c  |  -65
14:28:06.624 | 00 01 02 03 04 05 06 07 08 09 0a 0b 0c  |  -65
14:28:06.845 | 00 01 02 03 04 05 06 07 08 09 0a 0b 0c  |  -65
14:28:07.081 | 00 01 02 03 04 05 06 07 08 09 0a 0b 0c  |  -65
14:28:07.302 | 00 01 02 03 04 05 06 07 08 09 0a 0b 0c  |  -65
14:28:07.537 | 00 01 02 03 04 05 06 07 08 09 0a 0b 0c  |  -65
14:28:07.789 | 00 01 02 03 04 05 06 07 08 09 0a 0b 0c  |  -64
14:28:08.031 | 00 01 02 03 04 05 06 07 08 09 0a 0b 0c  |  -65
14:28:08.265 | 00 01 02 03 04 05 06 07 08 09 0a 0b 0c  |  -65
14:28:08.465 | 00 01 02 03 04 05 06 07 08 09 0a 0b 0c  |  -65
14:28:08.717 | 00 01 02 03 04 05 06 07 08 09 0a 0b 0c  |  -65
14:28:08.950 | 00 01 02 03 04 05 06 07 08 09 0a 0b 0c  |  -66
14:28:09.181 | 00 01 02 03 04 05 06 07 08 09 0a 0b 0c  |  -66
14:28:09.417 | 00 01 02 03 04 05 06 07 08 09 0a 0b 0c  |  -65
14:28:09.651 | 00 01 02 03 04 05 06 07 08 09 0a 0b 0c  |  -64
14:28:09.888 | 00 01 02 03 04 05 06 07 08 09 0a 0b 0c  |  -64
14:28:10.115 | 00 01 02 03 04 05 06 07 08 09 0a 0b 0c  |  -64
14:28:10.368 | 00 01 02 03 04 05 06 07 08 09 0a 0b 0c  |  -64
14:28:10.588 | 00 01 02 03 04 05 06 07 08 09 0a 0b 0c  |  -65
14:28:10.850 | 00 01 02 03 04 05 06 07 08 09 0a 0b 0c  |  -66
14:28:11.082 | 00 01 02 03 04 05 06 07 08 09 0a 0b 0c  |  -65
14:28:11.318 | 00 01 02 03 04 05 06 07 08 09 0a 0b 0c  |  -65
14:28:11.552 | 00 01 02 03 04 05 06 07 08 09 0a 0b 0c  |  -64
14:28:11.759 | 00 01 02 03 04 05 06 07 08 09 0a 0b 0c  |  -64
14:28:11.999 | 00 01 02 03 04 05 06 07 08 09 0a 0b 0c  |  -64
14:28:12.231 | 00 01 02 03 04 05 06 07 08 09 0a 0b 0c  |  -64
14:28:12.459 | 00 01 02 03 04 05 06 07 08 09 0a 0b 0c  |  -64
14:28:12.696 | 00 01 02 03 04 05 06 07 08 09 0a 0b 0c  |  -64
14:28:12.923 | 00 01 02 03 04 05 06 07 08 09 0a 0b 0c  |  -64
14:28:13.182 | 00 01 02 03 04 05 06 07 08 09 0a 0b 0c  |  -65
14:28:13.435 | 00 01 02 03 04 05 06 07 08 09 0a 0b 0c  |  -64
14:28:13.661 | 00 01 02 03 04 05 06 07 08 09 0a 0b 0c  |  -65
14:28:13.913 | 00 01 02 03 04 05 06 07 08 09 0a 0b 0c  |  -64
14:28:14.155 | 00 01 02 03 04 05 06 07 08 09 0a 0b 0c  |  -64
14:28:14.390 | 00 01 02 03 04 05 06 07 08 09 0a 0b 0c  |  -64
14:28:14.610 | 00 01 02 03 04 05 06 07 08 09 0a 0b 0c  |  -64
14:28:14.846 | 00 01 02 03 04 05 06 07 08 09 0a 0b 0c  |  -64
14:28:15.098 | 00 01 02 03 04 05 06 07 08 09 0a 0b 0c  |  -64
14:28:15.334 | 00 01 02 03 04 05 06 07 08 09 0a 0b 0c  |  -64
14:28:15.589 | 00 01 02 03 04 05 06 07 08 09 0a 0b 0c  |  -63
14:28:15.825 | 00 01 02 03 04 05 06 07 08 09 0a 0b 0c  |  -63
14:28:16.045 | 00 01 02 03 04 05 06 07 08 09 0a 0b 0c  |  -64
14:28:16.278 | 00 01 02 03 04 05 06 07 08 09 0a 0b 0c  |  -64
14:28:16.515 | 00 01 02 03 04 05 06 07 08 09 0a 0b 0c  |  -64
14:28:16.751 | 00 01 02 03 04 05 06 07 08 09 0a 0b 0c  |  -64
14:28:16.981 | 00 01 02 03 04 05 06 07 08 09 0a 0b 0c  |  -64
14:28:17.209 | 00 01 02 03 04 05 06 07 08 09 0a 0b 0c  |  -64
14:28:17.445 | 00 01 02 03 04 05 06 07 08 09 0a 0b 0c  |  -64
14:28:17.670 | 00 01 02 03 04 05 06 07 08 09 0a 0b 0c  |  -64
14:28:17.902 | 00 01 02 03 04 05 06 07 08 09 0a 0b 0c  |  -64
14:28:18.127 | 00 01 02 03 04 05 06 07 08 09 0a 0b 0c  |  -63
14:28:18.363 | 00 01 02 03 04 05 06 07 08 09 0a 0b 0c  |  -64
14:28:18.584 | 00 01 02 03 04 05 06 07 08 09 0a 0b 0c  |  -63
14:28:18.819 | 00 01 02 03 04 05 06 07 08 09 0a 0b 0c  |  -63
14:28:19.039 | 00 01 02 03 04 05 06 07 08 09 0a 0b 0c  |  -64
14:28:19.259 | 00 01 02 03 04 05 06 07 08 09 0a 0b 0c  |  -63
14:28:19.479 | 00 01 02 03 04 05 06 07 08 09 0a 0b 0c  |  -63
14:28:19.731 | 00 01 02 03 04 05 06 07 08 09 0a 0b 0c  |  -63
14:28:19.975 | 00 01 02 03 04 05 06 07 08 09 0a 0b 0c  |  -63
14:28:20.215 | 00 01 02 03 04 05 06 07 08 09 0a 0b 0c  |  -64
14:28:20.453 | 00 01 02 03 04 05 06 07 08 09 0a 0b 0c  |  -64
14:28:20.676 | 00 01 02 03 04 05 06 07 08 09 0a 0b 0c  |  -64
14:28:20.926 | 00 01 02 03 04 05 06 07 08 09 0a 0b 0c  |  -64
14:28:21.169 | 00 01 02 03 04 05 06 07 08 09 0a 0b 0c  |  -64
14:28:21.382 | 00 01 02 03 04 05 06 07 08 09 0a 0b 0c  |  -64
14:28:21.631 | 00 01 02 03 04 05 06 07 08 09 0a 0b 0c  |  -64
14:28:21.878 | 00 01 02 03 04 05 06 07 08 09 0a 0b 0c  |  -63
14:28:22.126 | 00 01 02 03 04 05 06 07 08 09 0a 0b 0c  |  -63
14:28:22.362 | 00 01 02 03 04 05 06 07 08 09 0a 0b 0c  |  -63
14:28:22.583 | 00 01 02 03 04 05 06 07 08 09 0a 0b 0c  |  -63
14:28:22.820 | 00 01 02 03 04 05 06 07 08 09 0a 0b 0c  |  -64
14:28:23.040 | 00 01 02 03 04 05 06 07 08 09 0a 0b 0c  |  -64
14:28:23.291 | 00 01 02 03 04 05 06 07 08 09 0a 0b 0c  |  -64
14:28:23.515 | 00 01 02 03 04 05 06 07 08 09 0a 0b 0c  |  -64
14:28:23.775 | 00 01 02 03 04 05 06 07 08 09 0a 0b 0c  |  -64
14:28:23.987 | 00 01 02 03 04 05 06 07 08 09 0a 0b 0c  |  -63
14:28:24.223 | 00 01 02 03 04 05 06 07 08 09 0a 0b 0c  |  -64
14:28:24.458 | 00 01 02 03 04 05 06 07 08 09 0a 0b 0c  |  -64
14:28:24.713 | 00 01 02 03 04 05 06 07 08 09 0a 0b 0c  |  -63
14:28:24.930 | 00 01 02 03 04 05 06 07 08 09 0a 0b 0c  |  -63
14:28:25.169 | 00 01 02 03 04 05 06 07 08 09 0a 0b 0c  |  -64
14:28:25.403 | 00 01 02 03 04 05 06 07 08 09 0a 0b 0c  |  -64
14:28:25.628 | 00 01 02 03 04 05 06 07 08 09 0a 0b 0c  |  -63
14:28:25.910 | 00 01 02 03 04 05 06 07 08 09 0a 0b 0c  |  -63
14:28:26.083 | 00 01 02 03 04 05 06 07 08 09 0a 0b 0c  |  -63
14:28:26.305 | 00 01 02 03 04 05 06 07 08 09 0a 0b 0c  |  -64
14:28:26.548 | 00 01 02 03 04 05 06 07 08 09 0a 0b 0c  |  -63
14:28:26.770 | 00 01 02 03 04 05 06 07 08 09 0a 0b 0c  |  -64
14:28:26.991 | 00 01 02 03 04 05 06 07 08 09 0a 0b 0c  |  -64
14:28:27.230 | 00 01 02 03 04 05 06 07 08 09 0a 0b 0c  |  -64
14:28:27.465 | 00 01 02 03 04 05 06 07 08 09 0a 0b 0c  |  -64
14:28:27.701 | 00 01 02 03 04 05 06 07 08 09 0a 0b 0c  |  -65
14:28:27.937 | 00 01 02 03 04 05 06 07 08 09 0a 0b 0c  |  -64
14:28:28.173 | 00 01 02 03 04 05 06 07 08 09 0a 0b 0c  |  -65
14:28:28.410 | 00 01 02 03 04 05 06 07 08 09 0a 0b 0c  |  -64
14:28:28.661 | 00 01 02 03 04 05 06 07 08 09 0a 0b 0c  |  -64
14:28:28.880 | 00 01 02 03 04 05 06 07 08 09 0a 0b 0c  |  -64
14:28:29.118 | 00 01 02 03 04 05 06 07 08 09 0a 0b 0c  |  -64
14:28:29.350 | 00 01 02 03 04 05 06 07 08 09 0a 0b 0c  |  -65
14:28:29.570 | 00 01 02 03 04 05 06 07 08 09 0a 0b 0c  |  -64
14:28:29.805 | 00 01 02 03 04 05 06 07 08 09 0a 0b 0c  |  -65
14:28:30.011 | 00 01 02 03 04 05 06 07 08 09 0a 0b 0c  |  -65
14:28:30.262 | 00 01 02 03 04 05 06 07 08 09 0a 0b 0c  |  -64
14:28:30.506 | 00 01 02 03 04 05 06 07 08 09 0a 0b 0c  |  -64
14:28:30.723 | 00 01 02 03 04 05 06 07 08 09 0a 0b 0c  |  -64
14:28:30.970 | 00 01 02 03 04 05 06 07 08 09 0a 0b 0c  |  -64
14:28:31.190 | 00 01 02 03 04 05 06 07 08 09 0a 0b 0c  |  -64
14:28:31.411 | 00 01 02 03 04 05 06 07 08 09 0a 0b 0c  |  -64
14:28:31.646 | 00 01 02 03 04 05 06 07 08 09 0a 0b 0c  |  -65
14:28:31.874 | 00 01 02 03 04 05 06 07 08 09 0a 0b 0c  |  -64
14:28:32.113 | 00 01 02 03 04 05 06 07 08 09 0a 0b 0c  |  -64
14:28:32.333 | 00 01 02 03 04 05 06 07 08 09 0a 0b 0c  |  -65
14:28:32.598 | 00 01 02 03 04 05 06 07 08 09 0a 0b 0c  |  -65
14:28:32.836 | 00 01 02 03 04 05 06 07 08 09 0a 0b 0c  |  -65
14:28:33.105 | 00 01 02 03 04 05 06 07 08 09 0a 0b 0c  |  -65
14:28:33.331 | 00 01 02 03 04 05 06 07 08 09 0a 0b 0c  |  -65
14:28:33.552 | 00 01 02 03 04 05 06 07 08 09 0a 0b 0c  |  -65
14:28:33.771 | 00 01 02 03 04 05 06 07 08 09 0a 0b 0c  |  -65
14:28:33.991 | 00 01 02 03 04 05 06 07 08 09 0a 0b 0c  |  -65
14:28:34.255 | 00 01 02 03 04 05 06 07 08 09 0a 0b 0c  |  -64
14:28:34.501 | 00 01 02 03 04 05 06 07 08 09 0a 0b 0c  |  -65
14:28:34.722 | 00 01 02 03 04 05 06 07 08 09 0a 0b 0c  |  -65
14:28:34.941 | 00 01 02 03 04 05 06 07 08 09 0a 0b 0c  |  -65
14:28:35.181 | 00 01 02 03 04 05 06 07 08 09 0a 0b 0c  |  -64
14:28:35.417 | 00 01 02 03 04 05 06 07 08 09 0a 0b 0c  |  -64
14:28:35.678 | 00 01 02 03 04 05 06 07 08 09 0a 0b 0c  |  -64
14:28:35.898 | 00 01 02 03 04 05 06 07 08 09 0a 0b 0c  |  -64
14:28:36.100 | 00 01 02 03 04 05 06 07 08 09 0a 0b 0c  |  -64
14:28:36.317 | 00 01 02 03 04 05 06 07 08 09 0a 0b 0c  |  -64
14:28:36.542 | 00 01 02 03 04 05 06 07 08 09 0a 0b 0c  |  -64
14:28:36.781 | 00 01 02 03 04 05 06 07 08 09 0a 0b 0c  |  -64
14:28:37.007 | 00 01 02 03 04 05 06 07 08 09 0a 0b 0c  |  -65
14:28:37.227 | 00 01 02 03 04 05 06 07 08 09 0a 0b 0c  |  -65
14:28:37.463 | 00 01 02 03 04 05 06 07 08 09 0a 0b 0c  |  -65
14:28:37.686 | 00 01 02 03 04 05 06 07 08 09 0a 0b 0c  |  -64
14:28:37.923 | 00 01 02 03 04 05 06 07 08 09 0a 0b 0c  |  -64
14:28:38.152 | 00 01 02 03 04 05 06 07 08 09 0a 0b 0c  |  -64
14:28:38.374 | 00 01 02 03 04 05 06 07 08 09 0a 0b 0c  |  -64
14:28:38.621 | 00 01 02 03 04 05 06 07 08 09 0a 0b 0c  |  -64
14:28:38.852 | 00 01 02 03 04 05 06 07 08 09 0a 0b 0c  |  -64
14:28:39.109 | 00 01 02 03 04 05 06 07 08 09 0a 0b 0c  |  -64
14:28:39.330 | 00 01 02 03 04 05 06 07 08 09 0a 0b 0c  |  -64
14:28:39.574 | 00 01 02 03 04 05 06 07 08 09 0a 0b 0c  |  -64
14:28:39.802 | 00 01 02 03 04 05 06 07 08 09 0a 0b 0c  |  -64
14:28:40.039 | 00 01 02 03 04 05 06 07 08 09 0a 0b 0c  |  -64
14:28:40.274 | 00 01 02 03 04 05 06 07 08 09 0a 0b 0c  |  -65
14:28:40.510 | 00 01 02 03 04 05 06 07 08 09 0a 0b 0c  |  -65
14:28:40.747 | 00 01 02 03 04 05 06 07 08 09 0a 0b 0c  |  -65
14:28:40.966 | 00 01 02 03 04 05 06 07 08 09 0a 0b 0c  |  -65
14:28:41.226 | 00 01 02 03 04 05 06 07 08 09 0a 0b 0c  |  -64
14:28:41.474 | 00 01 02 03 04 05 06 07 08 09 0a 0b 0c  |  -64
14:28:41.708 | 00 01 02 03 04 05 06 07 08 09 0a 0b 0c  |  -65
14:28:41.947 | 00 01 02 03 04 05 06 07 08 09 0a 0b 0c  |  -64
14:28:42.196 | 00 01 02 03 04 05 06 07 08 09 0a 0b 0c  |  -65
14:28:42.427 | 00 01 02 03 04 05 06 07 08 09 0a 0b 0c  |  -65
14:28:42.664 | 00 01 02 03 04 05 06 07 08 09 0a 0b 0c  |  -65
14:28:42.909 | 00 01 02 03 04 05 06 07 08 09 0a 0b 0c  |  -65
14:28:43.147 | 00 01 02 03 04 05 06 07 08 09 0a 0b 0c  |  -65
14:28:43.383 | 00 01 02 03 04 05 06 07 08 09 0a 0b 0c  |  -65
14:28:43.618 | 00 01 02 03 04 05 06 07 08 09 0a 0b 0c  |  -65
14:28:43.854 | 00 01 02 03 04 05 06 07 08 09 0a 0b 0c  |  -64
14:28:44.075 | 00 01 02 03 04 05 06 07 08 09 0a 0b 0c  |  -64
14:28:44.312 | 00 01 02 03 04 05 06 07 08 09 0a 0b 0c  |  -64
14:28:44.548 | 00 01 02 03 04 05 06 07 08 09 0a 0b 0c  |  -64
14:28:44.799 | 00 01 02 03 04 05 06 07 08 09 0a 0b 0c  |  -64
14:28:45.035 | 00 01 02 03 04 05 06 07 08 09 0a 0b 0c  |  -64
14:28:45.270 | 00 01 02 03 04 05 06 07 08 09 0a 0b 0c  |  -64
14:28:45.522 | 00 01 02 03 04 05 06 07 08 09 0a 0b 0c  |  -64
14:28:45.743 | 00 01 02 03 04 05 06 07 08 09 0a 0b 0c  |  -64
14:28:45.964 | 00 01 02 03 04 05 06 07 08 09 0a 0b 0c  |  -64
14:28:46.185 | 00 01 02 03 04 05 06 07 08 09 0a 0b 0c  |  -65
14:28:46.437 | 00 01 02 03 04 05 06 07 08 09 0a 0b 0c  |  -65
14:28:46.654 | 00 01 02 03 04 05 06 07 08 09 0a 0b 0c  |  -65
14:28:46.897 | 00 01 02 03 04 05 06 07 08 09 0a 0b 0c  |  -65
14:28:47.155 | 00 01 02 03 04 05 06 07 08 09 0a 0b 0c  |  -65
14:28:47.386 | 00 01 02 03 04 05 06 07 08 09 0a 0b 0c  |  -66
14:28:47.638 | 00 01 02 03 04 05 06 07 08 09 0a 0b 0c  |  -66
14:28:47.874 | 00 01 02 03 04 05 06 07 08 09 0a 0b 0c  |  -66
14:28:48.113 | 00 01 02 03 04 05 06 07 08 09 0a 0b 0c  |  -65
14:28:48.353 | 00 01 02 03 04 05 06 07 08 09 0a 0b 0c  |  -65
14:28:48.589 | 00 01 02 03 04 05 06 07 08 09 0a 0b 0c  |  -65
14:28:48.823 | 00 01 02 03 04 05 06 07 08 09 0a 0b 0c  |  -65
14:28:49.044 | 00 01 02 03 04 05 06 07 08 09 0a 0b 0c  |  -65
14:28:49.280 | 00 01 02 03 04 05 06 07 08 09 0a 0b 0c  |  -65
14:28:49.512 | 00 01 02 03 04 05 06 07 08 09 0a 0b 0c  |  -65
14:28:49.763 | 00 01 02 03 04 05 06 07 08 09 0a 0b 0c  |  -64
14:28:50.014 | 00 01 02 03 04 05 06 07 08 09 0a 0b 0c  |  -65
14:28:50.253 | 00 01 02 03 04 05 06 07 08 09 0a 0b 0c  |  -65
14:28:50.473 | 00 01 02 03 04 05 06 07 08 09 0a 0b 0c  |  -64
14:28:50.709 | 00 01 02 03 04 05 06 07 08 09 0a 0b 0c  |  -65
14:28:50.929 | 00 01 02 03 04 05 06 07 08 09 0a 0b 0c  |  -65
14:28:51.165 | 00 01 02 03 04 05 06 07 08 09 0a 0b 0c  |  -65
14:28:51.416 | 00 01 02 03 04 05 06 07 08 09 0a 0b 0c  |  -65
14:28:51.668 | 00 01 02 03 04 05 06 07 08 09 0a 0b 0c  |  -65
14:28:51.876 | 00 01 02 03 04 05 06 07 08 09 0a 0b 0c  |  -65
14:28:52.123 | 00 01 02 03 04 05 06 07 08 09 0a 0b 0c  |  -65
14:28:52.345 | 00 01 02 03 04 05 06 07 08 09 0a 0b 0c  |  -66
14:28:52.595 | 00 01 02 03 04 05 06 07 08 09 0a 0b 0c  |  -66
14:28:52.828 | 00 01 02 03 04 05 06 07 08 09 0a 0b 0c  |  -66
14:28:53.052 | 00 01 02 03 04 05 06 07 08 09 0a 0b 0c  |  -65
14:28:53.287 | 00 01 02 03 04 05 06 07 08 09 0a 0b 0c  |  -65
14:28:53.539 | 00 01 02 03 04 05 06 07 08 09 0a 0b 0c  |  -65
14:28:53.775 | 00 01 02 03 04 05 06 07 08 09 0a 0b 0c  |  -64
14:28:54.060 | 00 01 02 03 04 05 06 07 08 09 0a 0b 0c  |  -65
14:28:54.248 | 00 01 02 03 04 05 06 07 08 09 0a 0b 0c  |  -65
14:28:54.460 | 00 01 02 03 04 05 06 07 08 09 0a 0b 0c  |  -64
14:28:54.691 | 00 01 02 03 04 05 06 07 08 09 0a 0b 0c  |  -65
14:28:54.941 | 00 01 02 03 04 05 06 07 08 09 0a 0b 0c  |  -65
14:28:55.177 | 00 01 02 03 04 05 06 07 08 09 0a 0b 0c  |  -65
14:28:55.428 | 00 01 02 03 04 05 06 07 08 09 0a 0b 0c  |  -65
14:28:55.680 | 00 01 02 03 04 05 06 07 08 09 0a 0b 0c  |  -65
14:28:55.907 | 00 01 02 03 04 05 06 07 08 09 0a 0b 0c  |  -66
14:28:56.165 | 00 01 02 03 04 05 06 07 08 09 0a 0b 0c  |  -66
14:28:56.397 | 00 01 02 03 04 05 06 07 08 09 0a 0b 0c  |  -66
14:28:56.646 | 00 01 02 03 04 05 06 07 08 09 0a 0b 0c  |  -66
14:28:56.854 | 00 01 02 03 04 05 06 07 08 09 0a 0b 0c  |  -67
14:28:57.095 | 00 01 02 03 04 05 06 07 08 09 0a 0b 0c  |  -68
14:28:57.331 | 00 01 02 03 04 05 06 07 08 09 0a 0b 0c  |  -68
14:28:57.567 | 00 01 02 03 04 05 06 07 08 09 0a 0b 0c  |  -69
14:28:57.803 | 00 01 02 03 04 05 06 07 08 09 0a 0b 0c  |  -70
14:28:58.039 | 00 01 02 03 04 05 06 07 08 09 0a 0b 0c  |  -68
14:28:58.275 | 00 01 02 03 04 05 06 07 08 09 0a 0b 0c  |  -68
14:28:58.526 | 00 01 02 03 04 05 06 07 08 09 0a 0b 0c  |  -67
14:28:58.757 | 00 01 02 03 04 05 06 07 08 09 0a 0b 0c  |  -68
14:28:58.983 | 00 01 02 03 04 05 06 07 08 09 0a 0b 0c  |  -67
14:28:59.203 | 00 01 02 03 04 05 06 07 08 09 0a 0b 0c  |  -68
14:28:59.442 | 00 01 02 03 04 05 06 07 08 09 0a 0b 0c  |  -68
14:28:59.680 | 00 01 02 03 04 05 06 07 08 09 0a 0b 0c  |  -67
14:28:59.901 | 00 01 02 03 04 05 06 07 08 09 0a 0b 0c  |  -67
14:29:00.136 | 00 01 02 03 04 05 06 07 08 09 0a 0b 0c  |  -68
14:29:00.373 | 00 01 02 03 04 05 06 07 08 09 0a 0b 0c  |  -68
14:29:00.609 | 00 01 02 03 04 05 06 07 08 09 0a 0b 0c  |  -68
14:29:00.844 | 00 01 02 03 04 05 06 07 08 09 0a 0b 0c  |  -67
14:29:01.080 | 00 01 02 03 04 05 06 07 08 09 0a 0b 0c  |  -68
14:29:01.320 | 00 01 02 03 04 05 06 07 08 09 0a 0b 0c  |  -68
14:29:01.552 | 00 01 02 03 04 05 06 07 08 09 0a 0b 0c  |  -68
14:29:01.772 | 00 01 02 03 04 05 06 07 08 09 0a 0b 0c  |  -67
14:29:01.993 | 00 01 02 03 04 05 06 07 08 09 0a 0b 0c  |  -67
14:29:02.213 | 00 01 02 03 04 05 06 07 08 09 0a 0b 0c  |  -67
14:29:02.444 | 00 01 02 03 04 05 06 07 08 09 0a 0b 0c  |  -68
14:29:02.679 | 00 01 02 03 04 05 06 07 08 09 0a 0b 0c  |  -68
14:29:02.915 | 00 01 02 03 04 05 06 07 08 09 0a 0b 0c  |  -67
14:29:03.144 | 00 01 02 03 04 05 06 07 08 09 0a 0b 0c  |  -66
14:29:03.381 | 00 01 02 03 04 05 06 07 08 09 0a 0b 0c  |  -67
14:29:03.611 | 00 01 02 03 04 05 06 07 08 09 0a 0b 0c  |  -67
14:29:03.855 | 00 01 02 03 04 05 06 07 08 09 0a 0b 0c  |  -67
14:29:04.089 | 00 01 02 03 04 05 06 07 08 09 0a 0b 0c  |  -67
14:29:04.314 | 00 01 02 03 04 05 06 07 08 09 0a 0b 0c  |  -66
14:29:04.536 | 00 01 02 03 04 05 06 07 08 09 0a 0b 0c  |  -66
14:29:04.773 | 00 01 02 03 04 05 06 07 08 09 0a 0b 0c  |  -67
14:29:05.008 | 00 01 02 03 04 05 06 07 08 09 0a 0b 0c  |  -67
14:29:05.224 | 00 01 02 03 04 05 06 07 08 09 0a 0b 0c  |  -67
14:29:05.473 | 00 01 02 03 04 05 06 07 08 09 0a 0b 0c  |  -66
14:29:05.708 | 00 01 02 03 04 05 06 07 08 09 0a 0b 0c  |  -66
14:29:05.959 | 00 01 02 03 04 05 06 07 08 09 0a 0b 0c  |  -66
14:29:06.180 | 00 01 02 03 04 05 06 07 08 09 0a 0b 0c  |  -66
14:29:06.426 | 00 01 02 03 04 05 06 07 08 09 0a 0b 0c  |  -66
14:29:06.652 | 00 01 02 03 04 05 06 07 08 09 0a 0b 0c  |  -66
14:29:06.887 | 00 01 02 03 04 05 06 07 08 09 0a 0b 0c  |  -66
14:29:07.139 | 00 01 02 03 04 05 06 07 08 09 0a 0b 0c  |  -66
14:29:07.359 | 00 01 02 03 04 05 06 07 08 09 0a 0b 0c  |  -66
14:29:07.579 | 00 01 02 03 04 05 06 07 08 09 0a 0b 0c  |  -66
14:29:07.815 | 00 01 02 03 04 05 06 07 08 09 0a 0b 0c  |  -67
14:29:08.051 | 00 01 02 03 04 05 06 07 08 09 0a 0b 0c  |  -66
14:29:08.287 | 00 01 02 03 04 05 06 07 08 09 0a 0b 0c  |  -66
14:29:08.523 | 00 01 02 03 04 05 06 07 08 09 0a 0b 0c  |  -66
14:29:08.758 | 00 01 02 03 04 05 06 07 08 09 0a 0b 0c  |  -66
14:29:09.003 | 00 01 02 03 04 05 06 07 08 09 0a 0b 0c  |  -66
14:29:09.229 | 00 01 02 03 04 05 06 07 08 09 0a 0b 0c  |  -66
14:29:09.458 | 00 01 02 03 04 05 06 07 08 09 0a 0b 0c  |  -66
14:29:09.692 | 00 01 02 03 04 05 06 07 08 09 0a 0b 0c  |  -66
14:29:09.925 | 00 01 02 03 04 05 06 07 08 09 0a 0b 0c  |  -66
14:29:10.136 | 00 01 02 03 04 05 06 07 08 09 0a 0b 0c  |  -66
14:29:10.363 | 00 01 02 03 04 05 06 07 08 09 0a 0b 0c  |  -66
14:29:10.631 | 00 01 02 03 04 05 06 07 08 09 0a 0b 0c  |  -66
14:29:10.861 | 00 01 02 03 04 05 06 07 08 09 0a 0b 0c  |  -66
14:29:11.122 | 00 01 02 03 04 05 06 07 08 09 0a 0b 0c  |  -66
14:29:11.345 | 00 01 02 03 04 05 06 07 08 09 0a 0b 0c  |  -66
14:29:11.581 | 00 01 02 03 04 05 06 07 08 09 0a 0b 0c  |  -66
14:29:11.827 | 00 01 02 03 04 05 06 07 08 09 0a 0b 0c  |  -66
14:29:12.059 | 00 01 02 03 04 05 06 07 08 09 0a 0b 0c  |  -66
14:29:12.305 | 00 01 02 03 04 05 06 07 08 09 0a 0b 0c  |  -66
14:29:12.538 | 00 01 02 03 04 05 06 07 08 09 0a 0b 0c  |  -66
14:29:12.782 | 00 01 02 03 04 05 06 07 08 09 0a 0b 0c  |  -66
14:29:13.010 | 00 01 02 03 04 05 06 07 08 09 0a 0b 0c  |  -66
14:29:13.248 | 00 01 02 03 04 05 06 07 08 09 0a 0b 0c  |  -65
14:29:13.482 | 00 01 02 03 04 05 06 07 08 09 0a 0b 0c  |  -66
14:29:13.701 | 00 01 02 03 04 05 06 07 08 09 0a 0b 0c  |  -66
14:29:13.921 | 00 01 02 03 04 05 06 07 08 09 0a 0b 0c  |  -66
14:29:14.157 | 00 01 02 03 04 05 06 07 08 09 0a 0b 0c  |  -66
14:29:14.377 | 00 01 02 03 04 05 06 07 08 09 0a 0b 0c  |  -66
14:29:14.606 | 00 01 02 03 04 05 06 07 08 09 0a 0b 0c  |  -66
14:29:14.841 | 00 01 02 03 04 05 06 07 08 09 0a 0b 0c  |  -66
14:29:15.105 | 00 01 02 03 04 05 06 07 08 09 0a 0b 0c  |  -66
14:29:15.332 | 00 01 02 03 04 05 06 07 08 09 0a 0b 0c  |  -66
14:29:15.552 | 00 01 02 03 04 05 06 07 08 09 0a 0b 0c  |  -66
14:29:15.788 | 00 01 02 03 04 05 06 07 08 09 0a 0b 0c  |  -66
14:29:16.009 | 00 01 02 03 04 05 06 07 08 09 0a 0b 0c  |  -66
14:29:16.245 | 00 01 02 03 04 05 06 07 08 09 0a 0b 0c  |  -66
14:29:16.450 | 00 01 02 03 04 05 06 07 08 09 0a 0b 0c  |  -66
14:29:16.687 | 00 01 02 03 04 05 06 07 08 09 0a 0b 0c  |  -66
14:29:16.945 | 00 01 02 03 04 05 06 07 08 09 0a 0b 0c  |  -65
14:29:17.163 | 00 01 02 03 04 05 06 07 08 09 0a 0b 0c  |  -65
14:29:17.384 | 00 01 02 03 04 05 06 07 08 09 0a 0b 0c  |  -65
14:29:17.589 | 00 01 02 03 04 05 06 07 08 09 0a 0b 0c  |  -66
14:29:17.825 | 00 01 02 03 04 05 06 07 08 09 0a 0b 0c  |  -66
14:29:18.071 | 00 01 02 03 04 05 06 07 08 09 0a 0b 0c  |  -65
14:29:18.322 | 00 01 02 03 04 05 06 07 08 09 0a 0b 0c  |  -66
14:29:18.558 | 00 01 02 03 04 05 06 07 08 09 0a 0b 0c  |  -65
14:29:18.776 | 00 01 02 03 04 05 06 07 08 09 0a 0b 0c  |  -64
14:29:18.992 | 00 01 02 03 04 05 06 07 08 09 0a 0b 0c  |  -64
14:29:19.226 | 00 01 02 03 04 05 06 07 08 09 0a 0b 0c  |  -64
14:29:19.449 | 00 01 02 03 04 05 06 07 08 09 0a 0b 0c  |  -64
14:29:19.688 | 00 01 02 03 04 05 06 07 08 09 0a 0b 0c  |  -64
14:29:19.955 | 00 01 02 03 04 05 06 07 08 09 0a 0b 0c  |  -64
14:29:20.205 | 00 01 02 03 04 05 06 07 08 09 0a 0b 0c  |  -64
14:29:20.432 | 00 01 02 03 04 05 06 07 08 09 0a 0b 0c  |  -64
14:29:20.675 | 00 01 02 03 04 05 06 07 08 09 0a 0b 0c  |  -64
14:29:20.909 | 00 01 02 03 04 05 06 07 08 09 0a 0b 0c  |  -64
14:29:21.130 | 00 01 02 03 04 05 06 07 08 09 0a 0b 0c  |  -64
14:29:21.360 | 00 01 02 03 04 05 06 07 08 09 0a 0b 0c  |  -64
14:29:21.589 | 00 01 02 03 04 05 06 07 08 09 0a 0b 0c  |  -64
14:29:21.809 | 00 01 02 03 04 05 06 07 08 09 0a 0b 0c  |  -64
14:29:22.113 | 00 01 02 03 04 05 06 07 08 09 0a 0b 0c  |  -64
14:29:22.293 | 00 01 02 03 04 05 06 07 08 09 0a 0b 0c  |  -64
14:29:22.528 | 00 01 02 03 04 05 06 07 08 09 0a 0b 0c  |  -63
14:29:22.743 | 00 01 02 03 04 05 06 07 08 09 0a 0b 0c  |  -64
14:29:22.970 | 00 01 02 03 04 05 06 07 08 09 0a 0b 0c  |  -64
14:29:23.199 | 00 01 02 03 04 05 06 07 08 09 0a 0b 0c  |  -64
14:29:23.427 | 00 01 02 03 04 05 06 07 08 09 0a 0b 0c  |  -64
14:29:23.700 | 00 01 02 03 04 05 06 07 08 09 0a 0b 0c  |  -64
14:29:23.929 | 00 01 02 03 04 05 06 07 08 09 0a 0b 0c  |  -64
14:29:24.181 | 00 01 02 03 04 05 06 07 08 09 0a 0b 0c  |  -64
14:29:24.417 | 00 01 02 03 04 05 06 07 08 09 0a 0b 0c  |  -64
14:29:24.621 | 00 01 02 03 04 05 06 07 08 09 0a 0b 0c  |  -64
14:29:24.857 | 00 01 02 03 04 05 06 07 08 09 0a 0b 0c  |  -64
14:29:25.109 | 00 01 02 03 04 05 06 07 08 09 0a 0b 0c  |  -64
14:29:25.347 | 00 01 02 03 04 05 06 07 08 09 0a 0b 0c  |  -64
14:29:25.581 | 00 01 02 03 04 05 06 07 08 09 0a 0b 0c  |  -64
14:29:25.804 | 00 01 02 03 04 05 06 07 08 09 0a 0b 0c  |  -64
14:29:26.043 | 00 01 02 03 04 05 06 07 08 09 0a 0b 0c  |  -64
14:29:26.292 | 00 01 02 03 04 05 06 07 08 09 0a 0b 0c  |  -64
14:29:26.528 | 00 01 02 03 04 05 06 07 08 09 0a 0b 0c  |  -64
14:29:26.762 | 00 01 02 03 04 05 06 07 08 09 0a 0b 0c  |  -63
14:29:26.994 | 00 01 02 03 04 05 06 07 08 09 0a 0b 0c  |  -64
14:29:27.218 | 00 01 02 03 04 05 06 07 08 09 0a 0b 0c  |  -64
14:29:27.481 | 00 01 02 03 04 05 06 07 08 09 0a 0b 0c  |  -64
14:29:27.707 | 00 01 02 03 04 05 06 07 08 09 0a 0b 0c  |  -66
14:29:27.946 | 00 01 02 03 04 05 06 07 08 09 0a 0b 0c  |  -66
14:29:28.195 | 00 01 02 03 04 05 06 07 08 09 0a 0b 0c  |  -68
14:29:28.447 | 00 01 02 03 04 05 06 07 08 09 0a 0b 0c  |  -68
14:29:28.683 | 00 01 02 03 04 05 06 07 08 09 0a 0b 0c  |  -68
14:29:28.918 | 00 01 02 03 04 05 06 07 08 09 0a 0b 0c  |  -66
14:29:29.143 | 00 01 02 03 04 05 06 07 08 09 0a 0b 0c  |  -66
14:29:29.371 | 00 01 02 03 04 05 06 07 08 09 0a 0b 0c  |  -66
14:29:29.599 | 00 01 02 03 04 05 06 07 08 09 0a 0b 0c  |  -66
14:29:29.842 | 00 01 02 03 04 05 06 07 08 09 0a 0b 0c  |  -66
14:29:30.078 | 00 01 02 03 04 05 06 07 08 09 0a 0b 0c  |  -66
14:29:30.299 | 00 01 02 03 04 05 06 07 08 09 0a 0b 0c  |  -66
14:29:30.526 | 00 01 02 03 04 05 06 07 08 09 0a 0b 0c  |  -66
14:29:30.756 | 00 01 02 03 04 05 06 07 08 09 0a 0b 0c  |  -64
14:29:30.977 | 00 01 02 03 04 05 06 07 08 09 0a 0b 0c  |  -64
14:29:31.213 | 00 01 02 03 04 05 06 07 08 09 0a 0b 0c  |  -64
14:29:31.446 | 00 01 02 03 04 05 06 07 08 09 0a 0b 0c  |  -65
14:29:31.681 | 00 01 02 03 04 05 06 07 08 09 0a 0b 0c  |  -65
14:29:31.902 | 00 01 02 03 04 05 06 07 08 09 0a 0b 0c  |  -65
14:29:32.138 | 00 01 02 03 04 05 06 07 08 09 0a 0b 0c  |  -66
14:29:32.374 | 00 01 02 03 04 05 06 07 08 09 0a 0b 0c  |  -65
14:29:32.617 | 00 01 02 03 04 05 06 07 08 09 0a 0b 0c  |  -65
14:29:32.860 | 00 01 02 03 04 05 06 07 08 09 0a 0b 0c  |  -66
14:29:33.089 | 00 01 02 03 04 05 06 07 08 09 0a 0b 0c  |  -66
14:29:33.303 | 00 01 02 03 04 05 06 07 08 09 0a 0b 0c  |  -66
14:29:33.544 | 00 01 02 03 04 05 06 07 08 09 0a 0b 0c  |  -65
14:29:33.798 | 00 01 02 03 04 05 06 07 08 09 0a 0b 0c  |  -65
14:29:34.033 | 00 01 02 03 04 05 06 07 08 09 0a 0b 0c  |  -65
14:29:34.270 | 00 01 02 03 04 05 06 07 08 09 0a 0b 0c  |  -65
14:29:34.494 | 00 01 02 03 04 05 06 07 08 09 0a 0b 0c  |  -66
14:29:34.718 | 00 01 02 03 04 05 06 07 08 09 0a 0b 0c  |  -66
14:29:34.950 | 00 01 02 03 04 05 06 07 08 09 0a 0b 0c  |  -66
14:29:35.178 | 00 01 02 03 04 05 06 07 08 09 0a 0b 0c  |  -66
14:29:35.429 | 00 01 02 03 04 05 06 07 08 09 0a 0b 0c  |  -66
14:29:35.664 | 00 01 02 03 04 05 06 07 08 09 0a 0b 0c  |  -66
14:29:35.900 | 00 01 02 03 04 05 06 07 08 09 0a 0b 0c  |  -66
14:29:36.136 | 00 01 02 03 04 05 06 07 08 09 0a 0b 0c  |  -66
14:29:36.372 | 00 01 02 03 04 05 06 07 08 09 0a 0b 0c  |  -67
14:29:36.624 | 00 01 02 03 04 05 06 07 08 09 0a 0b 0c  |  -66
14:29:36.875 | 00 01 02 03 04 05 06 07 08 09 0a 0b 0c  |  -67
14:29:37.128 | 00 01 02 03 04 05 06 07 08 09 0a 0b 0c  |  -67
14:29:37.347 | 00 01 02 03 04 05 06 07 08 09 0a 0b 0c  |  -66
14:29:37.583 | 00 01 02 03 04 05 06 07 08 09 0a 0b 0c  |  -66
14:29:37.819 | 00 01 02 03 04 05 06 07 08 09 0a 0b 0c  |  -66
14:29:38.055 | 00 01 02 03 04 05 06 07 08 09 0a 0b 0c  |  -66
14:29:38.289 | 00 01 02 03 04 05 06 07 08 09 0a 0b 0c  |  -66
14:29:38.533 | 00 01 02 03 04 05 06 07 08 09 0a 0b 0c  |  -66
14:29:38.779 | 00 01 02 03 04 05 06 07 08 09 0a 0b 0c  |  -66
14:29:38.999 | 00 01 02 03 04 05 06 07 08 09 0a 0b 0c  |  -66
14:29:39.235 | 00 01 02 03 04 05 06 07 08 09 0a 0b 0c  |  -67
14:29:39.471 | 00 01 02 03 04 05 06 07 08 09 0a 0b 0c  |  -67
14:29:39.723 | 00 01 02 03 04 05 06 07 08 09 0a 0b 0c  |  -67
14:29:39.960 | 00 01 02 03 04 05 06 07 08 09 0a 0b 0c  |  -67
14:29:40.191 | 00 01 02 03 04 05 06 07 08 09 0a 0b 0c  |  -67
14:29:40.428 | 00 01 02 03 04 05 06 07 08 09 0a 0b 0c  |  -66
14:29:40.664 | 00 01 02 03 04 05 06 07 08 09 0a 0b 0c  |  -66
14:29:40.877 | 00 01 02 03 04 05 06 07 08 09 0a 0b 0c  |  -67
14:29:41.113 | 00 01 02 03 04 05 06 07 08 09 0a 0b 0c  |  -67
14:29:41.350 | 00 01 02 03 04 05 06 07 08 09 0a 0b 0c  |  -66
14:29:41.571 | 00 01 02 03 04 05 06 07 08 09 0a 0b 0c  |  -66
14:29:41.822 | 00 01 02 03 04 05 06 07 08 09 0a 0b 0c  |  -66
14:29:42.042 | 00 01 02 03 04 05 06 07 08 09 0a 0b 0c  |  -66
14:29:42.278 | 00 01 02 03 04 05 06 07 08 09 0a 0b 0c  |  -66
14:29:42.519 | 00 01 02 03 04 05 06 07 08 09 0a 0b 0c  |  -66
14:29:42.737 | 00 01 02 03 04 05 06 07 08 09 0a 0b 0c  |  -66
14:29:42.946 | 00 01 02 03 04 05 06 07 08 09 0a 0b 0c  |  -66
14:29:43.193 | 00 01 02 03 04 05 06 07 08 09 0a 0b 0c  |  -66
14:29:43.414 | 00 01 02 03 04 05 06 07 08 09 0a 0b 0c  |  -66
14:29:43.650 | 00 01 02 03 04 05 06 07 08 09 0a 0b 0c  |  -66
14:29:43.897 | 00 01 02 03 04 05 06 07 08 09 0a 0b 0c  |  -66
14:29:44.117 | 00 01 02 03 04 05 06 07 08 09 0a 0b 0c  |  -66
14:29:44.376 | 00 01 02 03 04 05 06 07 08 09 0a 0b 0c  |  -66
14:29:44.619 | 00 01 02 03 04 05 06 07 08 09 0a 0b 0c  |  -66
14:29:44.864 | 00 01 02 03 04 05 06 07 08 09 0a 0b 0c  |  -66
14:29:45.088 | 00 01 02 03 04 05 06 07 08 09 0a 0b 0c  |  -67
14:29:45.305 | 00 01 02 03 04 05 06 07 08 09 0a 0b 0c  |  -67
14:29:45.526 | 00 01 02 03 04 05 06 07 08 09 0a 0b 0c  |  -68
14:29:45.787 | 00 01 02 03 04 05 06 07 08 09 0a 0b 0c  |  -68
14:29:46.000 | 00 01 02 03 04 05 06 07 08 09 0a 0b 0c  |  -68
14:29:46.220 | 00 01 02 03 04 05 06 07 08 09 0a 0b 0c  |  -67
14:29:46.440 | 00 01 02 03 04 05 06 07 08 09 0a 0b 0c  |  -67
14:29:46.694 | 00 01 02 03 04 05 06 07 08 09 0a 0b 0c  |  -68
14:29:46.920 | 00 01 02 03 04 05 06 07 08 09 0a 0b 0c  |  -67
14:29:47.148 | 00 01 02 03 04 05 06 07 08 09 0a 0b 0c  |  -67
14:29:47.376 | 00 01 02 03 04 05 06 07 08 09 0a 0b 0c  |  -66
14:29:47.612 | 00 01 02 03 04 05 06 07 08 09 0a 0b 0c  |  -67
14:29:47.849 | 00 01 02 03 04 05 06 07 08 09 0a 0b 0c  |  -67
14:29:48.072 | 00 01 02 03 04 05 06 07 08 09 0a 0b 0c  |  -67
14:29:48.304 | 00 01 02 03 04 05 06 07 08 09 0a 0b 0c  |  -67
14:29:48.536 | 00 01 02 03 04 05 06 07 08 09 0a 0b 0c  |  -67
14:29:48.760 | 00 01 02 03 04 05 06 07 08 09 0a 0b 0c  |  -67
14:29:49.028 | 00 01 02 03 04 05 06 07 08 09 0a 0b 0c  |  -66
14:29:49.264 | 00 01 02 03 04 05 06 07 08 09 0a 0b 0c  |  -66
14:29:49.505 | 00 01 02 03 04 05 06 07 08 09 0a 0b 0c  |  -67
14:29:49.741 | 00 01 02 03 04 05 06 07 08 09 0a 0b 0c  |  -67
14:29:49.971 | 00 01 02 03 04 05 06 07 08 09 0a 0b 0c  |  -67
14:29:50.243 | 00 01 02 03 04 05 06 07 08 09 0a 0b 0c  |  -67
14:29:50.431 | 00 01 02 03 04 05 06 07 08 09 0a 0b 0c  |  -67
14:29:50.666 | 00 01 02 03 04 05 06 07 08 09 0a 0b 0c  |  -67
14:29:50.885 | 00 01 02 03 04 05 06 07 08 09 0a 0b 0c  |  -67
14:29:51.136 | 00 01 02 03 04 05 06 07 08 09 0a 0b 0c  |  -67
14:29:51.343 | 00 01 02 03 04 05 06 07 08 09 0a 0b 0c  |  -68
14:29:51.569 | 00 01 02 03 04 05 06 07 08 09 0a 0b 0c  |  -68
14:29:51.805 | 00 01 02 03 04 05 06 07 08 09 0a 0b 0c  |  -67
14:29:52.041 | 00 01 02 03 04 05 06 07 08 09 0a 0b 0c  |  -68
14:29:52.256 | 00 01 02 03 04 05 06 07 08 09 0a 0b 0c  |  -67
14:29:52.497 | 00 01 02 03 04 05 06 07 08 09 0a 0b 0c  |  -67
14:29:52.733 | 00 01 02 03 04 05 06 07 08 09 0a 0b 0c  |  -68
14:29:52.977 | 00 01 02 03 04 05 06 07 08 09 0a 0b 0c  |  -66
14:29:53.230 | 00 01 02 03 04 05 06 07 08 09 0a 0b 0c  |  -66
14:29:53.451 | 00 01 02 03 04 05 06 07 08 09 0a 0b 0c  |  -66
14:29:53.688 | 00 01 02 03 04 05 06 07 08 09 0a 0b 0c  |  -66
14:29:53.923 | 00 01 02 03 04 05 06 07 08 09 0a 0b 0c  |  -66
14:29:54.160 | 00 01 02 03 04 05 06 07 08 09 0a 0b 0c  |  -66
14:29:54.394 | 00 01 02 03 04 05 06 07 08 09 0a 0b 0c  |  -66
14:29:54.645 | 00 01 02 03 04 05 06 07 08 09 0a 0b 0c  |  -66
14:29:54.893 | 00 01 02 03 04 05 06 07 08 09 0a 0b 0c  |  -65
14:29:55.112 | 00 01 02 03 04 05 06 07 08 09 0a 0b 0c  |  -65
14:29:55.348 | 00 01 02 03 04 05 06 07 08 09 0a 0b 0c  |  -66
14:29:55.582 | 00 01 02 03 04 05 06 07 08 09 0a 0b 0c  |  -66
14:29:55.817 | 00 01 02 03 04 05 06 07 08 09 0a 0b 0c  |  -66
14:29:56.054 | 00 01 02 03 04 05 06 07 08 09 0a 0b 0c  |  -66
14:29:56.289 | 00 01 02 03 04 05 06 07 08 09 0a 0b 0c  |  -66
14:29:56.509 | 00 01 02 03 04 05 06 07 08 09 0a 0b 0c  |  -67
14:29:56.749 | 00 01 02 03 04 05 06 07 08 09 0a 0b 0c  |  -67
14:29:56.985 | 00 01 02 03 04 05 06 07 08 09 0a 0b 0c  |  -68
14:29:57.205 | 00 01 02 03 04 05 06 07 08 09 0a 0b 0c  |  -68
14:29:57.441 | 00 01 02 03 04 05 06 07 08 09 0a 0b 0c  |  -68
14:29:57.659 | 00 01 02 03 04 05 06 07 08 09 0a 0b 0c  |  -67
14:29:57.863 | 00 01 02 03 04 05 06 07 08 09 0a 0b 0c  |  -65
14:29:58.083 | 00 01 02 03 04 05 06 07 08 09 0a 0b 0c  |  -66
14:29:58.304 | 00 01 02 03 04 05 06 07 08 09 0a 0b 0c  |  -66
14:29:58.522 | 00 01 02 03 04 05 06 07 08 09 0a 0b 0c  |  -67
14:29:58.730 | 00 01 02 03 04 05 06 07 08 09 0a 0b 0c  |  -66
14:29:58.948 | 00 01 02 03 04 05 06 07 08 09 0a 0b 0c  |  -66
14:29:59.169 | 00 01 02 03 04 05 06 07 08 09 0a 0b 0c  |  -66
14:29:59.386 | 00 01 02 03 04 05 06 07 08 09 0a 0b 0c  |  -66
14:29:59.609 | 00 01 02 03 04 05 06 07 08 09 0a 0b 0c  |  -67
14:29:59.825 | 00 01 02 03 04 05 06 07 08 09 0a 0b 0c  |  -67
14:30:00.040 | 00 01 02 03 04 05 06 07 08 09 0a 0b 0c  |  -67
14:30:00.260 | 00 01 02 03 04 05 06 07 08 09 0a 0b 0c  |  -66
14:30:00.480 | 00 01 02 03 04 05 06 07 08 09 0a 0b 0c  |  -65
14:30:00.673 | 00 01 02 03 04 05 06 07 08 09 0a 0b 0c  |  -65
14:30:00.905 | 00 01 02 03 04 05 06 07 08 09 0a 0b 0c  |  -65
14:30:01.109 | 00 01 02 03 04 05 06 07 08 09 0a 0b 0c  |  -65
14:30:01.314 | 00 01 02 03 04 05 06 07 08 09 0a 0b 0c  |  -64
14:30:01.519 | 00 01 02 03 04 05 06 07 08 09 0a 0b 0c  |  -65
14:30:01.724 | 00 01 02 03 04 05 06 07 08 09 0a 0b 0c  |  -65
14:30:01.961 | 00 01 02 03 04 05 06 07 08 09 0a 0b 0c  |  -65
14:30:02.150 | 00 01 02 03 04 05 06 07 08 09 0a 0b 0c  |  -65
14:30:02.370 | 00 01 02 03 04 05 06 07 08 09 0a 0b 0c  |  -65
14:30:02.576 | 00 01 02 03 04 05 06 07 08 09 0a 0b 0c  |  -65
14:30:02.795 | 00 01 02 03 04 05 06 07 08 09 0a 0b 0c  |  -65
14:30:03.015 | 00 01 02 03 04 05 06 07 08 09 0a 0b 0c  |  -65
14:30:03.238 | 00 01 02 03 04 05 06 07 08 09 0a 0b 0c  |  -66
14:30:03.459 | 00 01 02 03 04 05 06 07 08 09 0a 0b 0c  |  -66
14:30:03.681 | 00 01 02 03 04 05 06 07 08 09 0a 0b 0c  |  -66
14:30:03.884 | 00 01 02 03 04 05 06 07 08 09 0a 0b 0c  |  -66
14:30:04.124 | 00 01 02 03 04 05 06 07 08 09 0a 0b 0c  |  -66
14:30:04.343 | 00 01 02 03 04 05 06 07 08 09 0a 0b 0c  |  -67
14:30:04.566 | 00 01 02 03 04 05 06 07 08 09 0a 0b 0c  |  -67
14:30:04.802 | 00 01 02 03 04 05 06 07 08 09 0a 0b 0c  |  -66
14:30:05.020 | 00 01 02 03 04 05 06 07 08 09 0a 0b 0c  |  -67
14:30:05.270 | 00 01 02 03 04 05 06 07 08 09 0a 0b 0c  |  -67
14:30:05.507 | 00 01 02 03 04 05 06 07 08 09 0a 0b 0c  |  -67
14:30:05.729 | 00 01 02 03 04 05 06 07 08 09 0a 0b 0c  |  -67
14:30:05.952 | 00 01 02 03 04 05 06 07 08 09 0a 0b 0c  |  -67
14:30:06.189 | 00 01 02 03 04 05 06 07 08 09 0a 0b 0c  |  -67
14:30:06.411 | 00 01 02 03 04 05 06 07 08 09 0a 0b 0c  |  -67
14:30:06.646 | 00 01 02 03 04 05 06 07 08 09 0a 0b 0c  |  -67
14:30:06.866 | 00 01 02 03 04 05 06 07 08 09 0a 0b 0c  |  -68
14:30:07.101 | 00 01 02 03 04 05 06 07 08 09 0a 0b 0c  |  -68
14:30:07.337 | 00 01 02 03 04 05 06 07 08 09 0a 0b 0c  |  -67
14:30:07.541 | 00 01 02 03 04 05 06 07 08 09 0a 0b 0c  |  -68
14:30:07.759 | 00 01 02 03 04 05 06 07 08 09 0a 0b 0c  |  -68
14:30:07.986 | 00 01 02 03 04 05 06 07 08 09 0a 0b 0c  |  -67
14:30:08.200 | 00 01 02 03 04 05 06 07 08 09 0a 0b 0c  |  -67
14:30:08.426 | 00 01 02 03 04 05 06 07 08 09 0a 0b 0c  |  -67
14:30:08.652 | 00 01 02 03 04 05 06 07 08 09 0a 0b 0c  |  -67
14:30:08.868 | 00 01 02 03 04 05 06 07 08 09 0a 0b 0c  |  -67
14:30:09.088 | 00 01 02 03 04 05 06 07 08 09 0a 0b 0c  |  -68
14:30:09.309 | 00 01 02 03 04 05 06 07 08 09 0a 0b 0c  |  -68
14:30:09.538 | 00 01 02 03 04 05 06 07 08 09 0a 0b 0c  |  -68
14:30:09.759 | 00 01 02 03 04 05 06 07 08 09 0a 0b 0c  |  -67
14:30:09.990 | 00 01 02 03 04 05 06 07 08 09 0a 0b 0c  |  -68
14:30:10.206 | 00 01 02 03 04 05 06 07 08 09 0a 0b 0c  |  -68
14:30:10.442 | 00 01 02 03 04 05 06 07 08 09 0a 0b 0c  |  -68
14:30:10.659 | 00 01 02 03 04 05 06 07 08 09 0a 0b 0c  |  -68
14:30:10.895 | 00 01 02 03 04 05 06 07 08 09 0a 0b 0c  |  -68
14:30:11.114 | 00 01 02 03 04 05 06 07 08 09 0a 0b 0c  |  -67
14:30:11.331 | 00 01 02 03 04 05 06 07 08 09 0a 0b 0c  |  -67
14:30:11.555 | 00 01 02 03 04 05 06 07 08 09 0a 0b 0c  |  -67
14:30:11.770 | 00 01 02 03 04 05 06 07 08 09 0a 0b 0c  |  -67
14:30:11.994 | 00 01 02 03 04 05 06 07 08 09 0a 0b 0c  |  -67
14:30:12.210 | 00 01 02 03 04 05 06 07 08 09 0a 0b 0c  |  -67
14:30:12.446 | 00 01 02 03 04 05 06 07 08 09 0a 0b 0c  |  -68
14:30:12.676 | 00 01 02 03 04 05 06 07 08 09 0a 0b 0c  |  -67
14:30:12.880 | 00 01 02 03 04 05 06 07 08 09 0a 0b 0c  |  -68
14:30:13.113 | 00 01 02 03 04 05 06 07 08 09 0a 0b 0c  |  -66
14:30:13.342 | 00 01 02 03 04 05 06 07 08 09 0a 0b 0c  |  -66
14:30:13.576 | 00 01 02 03 04 05 06 07 08 09 0a 0b 0c  |  -66
14:30:13.815 | 00 01 02 03 04 05 06 07 08 09 0a 0b 0c  |  -66
14:30:14.035 | 00 01 02 03 04 05 06 07 08 09 0a 0b 0c  |  -66
14:30:14.273 | 00 01 02 03 04 05 06 07 08 09 0a 0b 0c  |  -66
14:30:14.497 | 00 01 02 03 04 05 06 07 08 09 0a 0b 0c  |  -66
14:30:14.721 | 00 01 02 03 04 05 06 07 08 09 0a 0b 0c  |  -65
14:30:14.954 | 00 01 02 03 04 05 06 07 08 09 0a 0b 0c  |  -65
14:30:15.198 | 00 01 02 03 04 05 06 07 08 09 0a 0b 0c  |  -65
14:30:15.411 | 00 01 02 03 04 05 06 07 08 09 0a 0b 0c  |  -66
14:30:15.647 | 00 01 02 03 04 05 06 07 08 09 0a 0b 0c  |  -66
14:30:15.883 | 00 01 02 03 04 05 06 07 08 09 0a 0b 0c  |  -66
14:30:16.118 | 00 01 02 03 04 05 06 07 08 09 0a 0b 0c  |  -66
14:30:16.354 | 00 01 02 03 04 05 06 07 08 09 0a 0b 0c  |  -66
14:30:16.589 | 00 01 02 03 04 05 06 07 08 09 0a 0b 0c  |  -66
14:30:16.825 | 00 01 02 03 04 05 06 07 08 09 0a 0b 0c  |  -67
14:30:17.063 | 00 01 02 03 04 05 06 07 08 09 0a 0b 0c  |  -67
14:30:17.346 | 00 01 02 03 04 05 06 07 08 09 0a 0b 0c  |  -67
14:30:17.534 | 00 01 02 03 04 05 06 07 08 09 0a 0b 0c  |  -67
14:30:17.750 | 00 01 02 03 04 05 06 07 08 09 0a 0b 0c  |  -67
14:30:17.970 | 00 01 02 03 04 05 06 07 08 09 0a 0b 0c  |  -67
14:30:18.205 | 00 01 02 03 04 05 06 07 08 09 0a 0b 0c  |  -67
14:30:18.429 | 00 01 02 03 04 05 06 07 08 09 0a 0b 0c  |  -66
14:30:18.687 | 00 01 02 03 04 05 06 07 08 09 0a 0b 0c  |  -67
14:30:18.910 | 00 01 02 03 04 05 06 07 08 09 0a 0b 0c  |  -67
14:30:19.144 | 00 01 02 03 04 05 06 07 08 09 0a 0b 0c  |  -68
14:30:19.368 | 00 01 02 03 04 05 06 07 08 09 0a 0b 0c  |  -68
14:30:19.607 | 00 01 02 03 04 05 06 07 08 09 0a 0b 0c  |  -68
14:30:19.836 | 00 01 02 03 04 05 06 07 08 09 0a 0b 0c  |  -67
14:30:20.056 | 00 01 02 03 04 05 06 07 08 09 0a 0b 0c  |  -67
14:30:20.276 | 00 01 02 03 04 05 06 07 08 09 0a 0b 0c  |  -68
14:30:20.512 | 00 01 02 03 04 05 06 07 08 09 0a 0b 0c  |  -68
14:30:20.748 | 00 01 02 03 04 05 06 07 08 09 0a 0b 0c  |  -68
14:30:21.005 | 00 01 02 03 04 05 06 07 08 09 0a 0b 0c  |  -68
14:30:21.241 | 00 01 02 03 04 05 06 07 08 09 0a 0b 0c  |  -68
14:30:21.461 | 00 01 02 03 04 05 06 07 08 09 0a 0b 0c  |  -68
14:30:21.712 | 00 01 02 03 04 05 06 07 08 09 0a 0b 0c  |  -68
14:30:21.932 | 00 01 02 03 04 05 06 07 08 09 0a 0b 0c  |  -68
14:30:22.171 | 00 01 02 03 04 05 06 07 08 09 0a 0b 0c  |  -68
14:30:22.423 | 00 01 02 03 04 05 06 07 08 09 0a 0b 0c  |  -68
14:30:22.643 | 00 01 02 03 04 05 06 07 08 09 0a 0b 0c  |  -68
14:30:22.880 | 00 01 02 03 04 05 06 07 08 09 0a 0b 0c  |  -68
14:30:23.100 | 00 01 02 03 04 05 06 07 08 09 0a 0b 0c  |  -68
14:30:23.358 | 00 01 02 03 04 05 06 07 08 09 0a 0b 0c  |  -68
14:30:23.592 | 00 01 02 03 04 05 06 07 08 09 0a 0b 0c  |  -68
14:30:23.816 | 00 01 02 03 04 05 06 07 08 09 0a 0b 0c  |  -67
14:30:24.052 | 00 01 02 03 04 05 06 07 08 09 0a 0b 0c  |  -67
14:30:24.282 | 00 01 02 03 04 05 06 07 08 09 0a 0b 0c  |  -67
14:30:24.508 | 00 01 02 03 04 05 06 07 08 09 0a 0b 0c  |  -67
14:30:24.729 | 00 01 02 03 04 05 06 07 08 09 0a 0b 0c  |  -67
14:30:24.949 | 00 01 02 03 04 05 06 07 08 09 0a 0b 0c  |  -67
14:30:25.203 | 00 01 02 03 04 05 06 07 08 09 0a 0b 0c  |  -67
14:30:25.427 | 00 01 02 03 04 05 06 07 08 09 0a 0b 0c  |  -66
14:30:25.647 | 00 01 02 03 04 05 06 07 08 09 0a 0b 0c  |  -67
14:30:25.868 | 00 01 02 03 04 05 06 07 08 09 0a 0b 0c  |  -67
14:30:26.116 | 00 01 02 03 04 05 06 07 08 09 0a 0b 0c  |  -67
14:30:26.340 | 00 01 02 03 04 05 06 07 08 09 0a 0b 0c  |  -67
14:30:26.576 | 00 01 02 03 04 05 06 07 08 09 0a 0b 0c  |  -67
14:30:26.812 | 00 01 02 03 04 05 06 07 08 09 0a 0b 0c  |  -67
14:30:27.048 | 00 01 02 03 04 05 06 07 08 09 0a 0b 0c  |  -67
14:30:27.304 | 00 01 02 03 04 05 06 07 08 09 0a 0b 0c  |  -68
14:30:27.526 | 00 01 02 03 04 05 06 07 08 09 0a 0b 0c  |  -67
14:30:27.762 | 00 01 02 03 04 05 06 07 08 09 0a 0b 0c  |  -67
14:30:27.998 | 00 01 02 03 04 05 06 07 08 09 0a 0b 0c  |  -67
14:30:28.234 | 00 01 02 03 04 05 06 07 08 09 0a 0b 0c  |  -68
14:30:28.456 | 00 01 02 03 04 05 06 07 08 09 0a 0b 0c  |  -68
14:30:28.693 | 00 01 02 03 04 05 06 07 08 09 0a 0b 0c  |  -68
14:30:28.945 | 00 01 02 03 04 05 06 07 08 09 0a 0b 0c  |  -67
14:30:29.165 | 00 01 02 03 04 05 06 07 08 09 0a 0b 0c  |  -66
14:30:29.417 | 00 01 02 03 04 05 06 07 08 09 0a 0b 0c  |  -66
14:30:29.653 | 00 01 02 03 04 05 06 07 08 09 0a 0b 0c  |  -67
14:30:29.905 | 00 01 02 03 04 05 06 07 08 09 0a 0b 0c  |  -67
14:30:30.126 | 00 01 02 03 04 05 06 07 08 09 0a 0b 0c  |  -67
14:30:30.346 | 00 01 02 03 04 05 06 07 08 09 0a 0b 0c  |  -67
14:30:30.582 | 00 01 02 03 04 05 06 07 08 09 0a 0b 0c  |  -67
14:30:30.802 | 00 01 02 03 04 05 06 07 08 09 0a 0b 0c  |  -68
14:30:31.038 | 00 01 02 03 04 05 06 07 08 09 0a 0b 0c  |  -67
14:30:31.270 | 00 01 02 03 04 05 06 07 08 09 0a 0b 0c  |  -67
14:30:31.507 | 00 01 02 03 04 05 06 07 08 09 0a 0b 0c  |  -66
14:30:31.741 | 00 01 02 03 04 05 06 07 08 09 0a 0b 0c  |  -66
14:30:31.978 | 00 01 02 03 04 05 06 07 08 09 0a 0b 0c  |  -66
14:30:32.201 | 00 01 02 03 04 05 06 07 08 09 0a 0b 0c  |  -66
14:30:32.438 | 00 01 02 03 04 05 06 07 08 09 0a 0b 0c  |  -65
14:30:32.690 | 00 01 02 03 04 05 06 07 08 09 0a 0b 0c  |  -66
14:30:32.914 | 00 01 02 03 04 05 06 07 08 09 0a 0b 0c  |  -66
14:30:33.147 | 00 01 02 03 04 05 06 07 08 09 0a 0b 0c  |  -66
14:30:33.375 | 00 01 02 03 04 05 06 07 08 09 0a 0b 0c  |  -66
14:30:33.611 | 00 01 02 03 04 05 06 07 08 09 0a 0b 0c  |  -66
14:30:33.852 | 00 01 02 03 04 05 06 07 08 09 0a 0b 0c  |  -65
14:30:34.067 | 00 01 02 03 04 05 06 07 08 09 0a 0b 0c  |  -66
14:30:34.288 | 00 01 02 03 04 05 06 07 08 09 0a 0b 0c  |  -66
14:30:34.535 | 00 01 02 03 04 05 06 07 08 09 0a 0b 0c  |  -66
14:30:34.756 | 00 01 02 03 04 05 06 07 08 09 0a 0b 0c  |  -65
14:30:34.982 | 00 01 02 03 04 05 06 07 08 09 0a 0b 0c  |  -66
14:30:35.202 | 00 01 02 03 04 05 06 07 08 09 0a 0b 0c  |  -66
14:30:35.438 | 00 01 02 03 04 05 06 07 08 09 0a 0b 0c  |  -67
14:30:35.681 | 00 01 02 03 04 05 06 07 08 09 0a 0b 0c  |  -66
14:30:35.898 | 00 01 02 03 04 05 06 07 08 09 0a 0b 0c  |  -66
14:30:36.149 | 00 01 02 03 04 05 06 07 08 09 0a 0b 0c  |  -65
14:30:36.370 | 00 01 02 03 04 05 06 07 08 09 0a 0b 0c  |  -65
14:30:36.605 | 00 01 02 03 04 05 06 07 08 09 0a 0b 0c  |  -65
14:30:36.858 | 00 01 02 03 04 05 06 07 08 09 0a 0b 0c  |  -65
14:30:37.123 | 00 01 02 03 04 05 06 07 08 09 0a 0b 0c  |  -66
14:30:37.355 | 00 01 02 03 04 05 06 07 08 09 0a 0b 0c  |  -68
14:30:37.590 | 00 01 02 03 04 05 06 07 08 09 0a 0b 0c  |  -66
14:30:37.827 | 00 01 02 03 04 05 06 07 08 09 0a 0b 0c  |  -66
14:30:38.078 | 00 01 02 03 04 05 06 07 08 09 0a 0b 0c  |  -66
14:30:38.308 | 00 01 02 03 04 05 06 07 08 09 0a 0b 0c  |  -65
14:30:38.564 | 00 01 02 03 04 05 06 07 08 09 0a 0b 0c  |  -66
14:30:38.797 | 00 01 02 03 04 05 06 07 08 09 0a 0b 0c  |  -67
14:30:39.036 | 00 01 02 03 04 05 06 07 08 09 0a 0b 0c  |  -66
14:30:39.266 | 00 01 02 03 04 05 06 07 08 09 0a 0b 0c  |  -66
14:30:39.501 | 00 01 02 03 04 05 06 07 08 09 0a 0b 0c  |  -66
14:30:39.738 | 00 01 02 03 04 05 06 07 08 09 0a 0b 0c  |  -66
14:30:39.967 | 00 01 02 03 04 05 06 07 08 09 0a 0b 0c  |  -66
14:30:40.226 | 00 01 02 03 04 05 06 07 08 09 0a 0b 0c  |  -67
14:30:40.454 | 00 01 02 03 04 05 06 07 08 09 0a 0b 0c  |  -66
14:30:40.679 | 00 01 02 03 04 05 06 07 08 09 0a 0b 0c  |  -66
14:30:40.926 | 00 01 02 03 04 05 06 07 08 09 0a 0b 0c  |  -61
14:30:41.146 | 00 01 02 03 04 05 06 07 08 09 0a 0b 0c  |  -66
14:30:41.367 | 00 01 02 03 04 05 06 07 08 09 0a 0b 0c  |  -66
14:30:41.620 | 00 01 02 03 04 05 06 07 08 09 0a 0b 0c  |  -66
14:30:41.855 | 00 01 02 03 04 05 06 07 08 09 0a 0b 0c  |  -66
14:30:42.106 | 00 01 02 03 04 05 06 07 08 09 0a 0b 0c  |  -66
14:30:42.338 | 00 01 02 03 04 05 06 07 08 09 0a 0b 0c  |  -66
14:30:42.574 | 00 01 02 03 04 05 06 07 08 09 0a 0b 0c  |  -66
14:30:42.812 | 00 01 02 03 04 05 06 07 08 09 0a 0b 0c  |  -66
14:30:43.046 | 00 01 02 03 04 05 06 07 08 09 0a 0b 0c  |  -66
14:30:43.291 | 00 01 02 03 04 05 06 07 08 09 0a 0b 0c  |  -66
14:30:43.518 | 00 01 02 03 04 05 06 07 08 09 0a 0b 0c  |  -66
14:30:43.742 | 00 01 02 03 04 05 06 07 08 09 0a 0b 0c  |  -66
14:30:43.959 | 00 01 02 03 04 05 06 07 08 09 0a 0b 0c  |  -66
14:30:44.212 | 00 01 02 03 04 05 06 07 08 09 0a 0b 0c  |  -67
14:30:44.432 | 00 01 02 03 04 05 06 07 08 09 0a 0b 0c  |  -66
14:30:44.684 | 00 01 02 03 04 05 06 07 08 09 0a 0b 0c  |  -66
14:30:44.937 | 00 01 02 03 04 05 06 07 08 09 0a 0b 0c  |  -66
14:30:45.196 | 00 01 02 03 04 05 06 07 08 09 0a 0b 0c  |  -66
14:30:45.495 | 00 01 02 03 04 05 06 07 08 09 0a 0b 0c  |  -66
14:30:45.683 | 00 01 02 03 04 05 06 07 08 09 0a 0b 0c  |  -66
14:30:45.914 | 00 01 02 03 04 05 06 07 08 09 0a 0b 0c  |  -66
14:30:46.132 | 00 01 02 03 04 05 06 07 08 09 0a 0b 0c  |  -66
14:30:46.357 | 00 01 02 03 04 05 06 07 08 09 0a 0b 0c  |  -66
14:30:46.593 | 00 01 02 03 04 05 06 07 08 09 0a 0b 0c  |  -66
14:30:46.833 | 00 01 02 03 04 05 06 07 08 09 0a 0b 0c  |  -66
14:30:47.069 | 00 01 02 03 04 05 06 07 08 09 0a 0b 0c  |  -66
14:30:47.322 | 00 01 02 03 04 05 06 07 08 09 0a 0b 0c  |  -66
14:30:47.570 | 00 01 02 03 04 05 06 07 08 09 0a 0b 0c  |  -66
14:30:47.796 | 00 01 02 03 04 05 06 07 08 09 0a 0b 0c  |  -66
14:30:48.015 | 00 01 02 03 04 05 06 07 08 09 0a 0b 0c  |  -66
14:30:48.250 | 00 01 02 03 04 05 06 07 08 09 0a 0b 0c  |  -66
14:30:48.486 | 00 01 02 03 04 05 06 07 08 09 0a 0b 0c  |  -66
14:30:48.724 | 00 01 02 03 04 05 06 07 08 09 0a 0b 0c  |  -66
14:30:48.959 | 00 01 02 03 04 05 06 07 08 09 0a 0b 0c  |  -66
14:30:49.200 | 00 01 02 03 04 05 06 07 08 09 0a 0b 0c  |  -66
14:30:49.434 | 00 01 02 03 04 05 06 07 08 09 0a 0b 0c  |  -66
14:30:49.684 | 00 01 02 03 04 05 06 07 08 09 0a 0b 0c  |  -66
14:30:49.935 | 00 01 02 03 04 05 06 07 08 09 0a 0b 0c  |  -66
14:30:50.151 | 00 01 02 03 04 05 06 07 08 09 0a 0b 0c  |  -66
14:30:50.372 | 00 01 02 03 04 05 06 07 08 09 0a 0b 0c  |  -66
14:30:50.608 | 00 01 02 03 04 05 06 07 08 09 0a 0b 0c  |  -66
14:30:50.824 | 00 01 02 03 04 05 06 07 08 09 0a 0b 0c  |  -66
14:30:51.060 | 00 01 02 03 04 05 06 07 08 09 0a 0b 0c  |  -66
14:30:51.296 | 00 01 02 03 04 05 06 07 08 09 0a 0b 0c  |  -66
14:30:51.532 | 00 01 02 03 04 05 06 07 08 09 0a 0b 0c  |  -66
14:30:51.788 | 00 01 02 03 04 05 06 07 08 09 0a 0b 0c  |  -66
14:30:52.020 | 00 01 02 03 04 05 06 07 08 09 0a 0b 0c  |  -66
14:30:52.256 | 00 01 02 03 04 05 06 07 08 09 0a 0b 0c  |  -66
14:30:52.490 | 00 01 02 03 04 05 06 07 08 09 0a 0b 0c  |  -66
14:30:52.731 | 00 01 02 03 04 05 06 07 08 09 0a 0b 0c  |  -66
14:30:52.951 | 00 01 02 03 04 05 06 07 08 09 0a 0b 0c  |  -66
14:30:53.191 | 00 01 02 03 04 05 06 07 08 09 0a 0b 0c  |  -66
14:30:53.423 | 00 01 02 03 04 05 06 07 08 09 0a 0b 0c  |  -66
14:30:53.663 | 00 01 02 03 04 05 06 07 08 09 0a 0b 0c  |  -67
14:30:53.892 | 00 01 02 03 04 05 06 07 08 09 0a 0b 0c  |  -67
14:30:54.094 | 00 01 02 03 04 05 06 07 08 09 0a 0b 0c  |  -66
14:30:54.330 | 00 01 02 03 04 05 06 07 08 09 0a 0b 0c  |  -66
14:30:54.565 | 00 01 02 03 04 05 06 07 08 09 0a 0b 0c  |  -66
