13:58:09.490 | 00 01 02 03 04 05 06 07 08 09 0a 0b 0c  |  -30
13:58:09.676 | 00 01 02 03 04 05 06 07 08 09 0a 0b 0c  |  -31
13:58:09.916 | 00 01 02 03 04 05 06 07 08 09 0a 0b 0c  |  -31
13:58:10.136 | 00 01 02 03 04 05 06 07 08 09 0a 0b 0c  |  -31
13:58:10.357 | 00 01 02 03 04 05 06 07 08 09 0a 0b 0c  |  -31
13:58:10.577 | 00 01 02 03 04 05 06 07 08 09 0a 0b 0c  |  -31
13:58:10.830 | 00 01 02 03 04 05 06 07 08 09 0a 0b 0c  |  -31
13:58:11.073 | 00 01 02 03 04 05 06 07 08 09 0a 0b 0c  |  -31
13:58:11.317 | 00 01 02 03 04 05 06 07 08 09 0a 0b 0c  |  -31
13:58:11.558 | 00 01 02 03 04 05 06 07 08 09 0a 0b 0c  |  -31
13:58:11.774 | 00 01 02 03 04 05 06 07 08 09 0a 0b 0c  |  -31
13:58:12.007 | 00 01 02 03 04 05 06 07 08 09 0a 0b 0c  |  -31
13:58:12.257 | 00 01 02 03 04 05 06 07 08 09 0a 0b 0c  |  -31
13:58:12.505 | 00 01 02 03 04 05 06 07 08 09 0a 0b 0c  |  -31
13:58:12.725 | 00 01 02 03 04 05 06 07 08 09 0a 0b 0c  |  -31
13:58:12.960 | 00 01 02 03 04 05 06 07 08 09 0a 0b 0c  |  -31
13:58:13.197 | 00 01 02 03 04 05 06 07 08 09 0a 0b 0c  |  -31
13:58:13.449 | 00 01 02 03 04 05 06 07 08 09 0a 0b 0c  |  -31
13:58:13.669 | 00 01 02 03 04 05 06 07 08 09 0a 0b 0c  |  -31
13:58:13.905 | 00 01 02 03 04 05 06 07 08 09 0a 0b 0c  |  -31
13:58:14.143 | 00 01 02 03 04 05 06 07 08 09 0a 0b 0c  |  -32
13:58:14.374 | 00 01 02 03 04 05 06 07 08 09 0a 0b 0c  |  -31
13:58:14.600 | 00 01 02 03 04 05 06 07 08 09 0a 0b 0c  |  -32
13:58:14.838 | 00 01 02 03 04 05 06 07 08 09 0a 0b 0c  |  -32
13:58:15.074 | 00 01 02 03 04 05 06 07 08 09 0a 0b 0c  |  -31
13:58:15.326 | 00 01 02 03 04 05 06 07 08 09 0a 0b 0c  |  -31
13:58:15.547 | 00 01 02 03 04 05 06 07 08 09 0a 0b 0c  |  -31
13:58:15.799 | 00 01 02 03 04 05 06 07 08 09 0a 0b 0c  |  -31
13:58:16.043 | 00 01 02 03 04 05 06 07 08 09 0a 0b 0c  |  -31
13:58:16.296 | 00 01 02 03 04 05 06 07 08 09 0a 0b 0c  |  -31
13:58:16.530 | 00 01 02 03 04 05 06 07 08 09 0a 0b 0c  |  -31
13:58:16.783 | 00 01 02 03 04 05 06 07 08 09 0a 0b 0c  |  -31
13:58:17.018 | 00 01 02 03 04 05 06 07 08 09 0a 0b 0c  |  -31
13:58:17.240 | 00 01 02 03 04 05 06 07 08 09 0a 0b 0c  |  -31
13:58:17.460 | 00 01 02 03 04 05 06 07 08 09 0a 0b 0c  |  -31
13:58:17.711 | 00 01 02 03 04 05 06 07 08 09 0a 0b 0c  |  -31
13:58:17.948 | 00 01 02 03 04 05 06 07 08 09 0a 0b 0c  |  -30
13:58:18.184 | 00 01 02 03 04 05 06 07 08 09 0a 0b 0c  |  -31
13:58:18.435 | 00 01 02 03 04 05 06 07 08 09 0a 0b 0c  |  -31
13:58:18.689 | 00 01 02 03 04 05 06 07 08 09 0a 0b 0c  |  -31
13:58:18.916 | 00 01 02 03 04 05 06 07 08 09 0a 0b 0c  |  -31
13:58:19.153 | 00 01 02 03 04 05 06 07 08 09 0a 0b 0c  |  -31
13:58:19.405 | 00 01 02 03 04 05 06 07 08 09 0a 0b 0c  |  -31
13:58:19.640 | 00 01 02 03 04 05 06 07 08 09 0a 0b 0c  |  -31
13:58:19.877 | 00 01 02 03 04 05 06 07 08 09 0a 0b 0c  |  -31
13:58:20.110 | 00 01 02 03 04 05 06 07 08 09 0a 0b 0c  |  -31
13:58:20.337 | 00 01 02 03 04 05 06 07 08 09 0a 0b 0c  |  -31
13:58:20.565 | 00 01 02 03 04 05 06 07 08 09 0a 0b 0c  |  -31
13:58:20.799 | 00 01 02 03 04 05 06 07 08 09 0a 0b 0c  |  -31
13:58:21.020 | 00 01 02 03 04 05 06 07 08 09 0a 0b 0c  |  -32
13:58:21.272 | 00 01 02 03 04 05 06 07 08 09 0a 0b 0c  |  -31
13:58:21.507 | 00 01 02 03 04 05 06 07 08 09 0a 0b 0c  |  -32
13:58:21.750 | 00 01 02 03 04 05 06 07 08 09 0a 0b 0c  |  -31
13:58:21.974 | 00 01 02 03 04 05 06 07 08 09 0a 0b 0c  |  -31
13:58:22.202 | 00 01 02 03 04 05 06 07 08 09 0a 0b 0c  |  -31
13:58:22.454 | 00 01 02 03 04 05 06 07 08 09 0a 0b 0c  |  -31
13:58:22.689 | 00 01 02 03 04 05 06 07 08 09 0a 0b 0c  |  -31
13:58:22.926 | 00 01 02 03 04 05 06 07 08 09 0a 0b 0c  |  -31
13:58:23.146 | 00 01 02 03 04 05 06 07 08 09 0a 0b 0c  |  -31
13:58:23.404 | 00 01 02 03 04 05 06 07 08 09 0a 0b 0c  |  -31
13:58:23.667 | 00 01 02 03 04 05 06 07 08 09 0a 0b 0c  |  -31
13:58:23.888 | 00 01 02 03 04 05 06 07 08 09 0a 0b 0c  |  -31
13:58:24.124 | 00 01 02 03 04 05 06 07 08 09 0a 0b 0c  |  -30
13:58:24.363 | 00 01 02 03 04 05 06 07 08 09 0a 0b 0c  |  -30
13:58:24.598 | 00 01 02 03 04 05 06 07 08 09 0a 0b 0c  |  -30
13:58:24.819 | 00 01 02 03 04 05 06 07 08 09 0a 0b 0c  |  -30
13:58:25.055 | 00 01 02 03 04 05 06 07 08 09 0a 0b 0c  |  -30
13:58:25.277 | 00 01 02 03 04 05 06 07 08 09 0a 0b 0c  |  -31
13:58:25.529 | 00 01 02 03 04 05 06 07 08 09 0a 0b 0c  |  -31
13:58:25.765 | 00 01 02 03 04 05 06 07 08 09 0a 0b 0c  |  -31
13:58:26.001 | 00 01 02 03 04 05 06 07 08 09 0a 0b 0c  |  -31
13:58:26.237 | 00 01 02 03 04 05 06 07 08 09 0a 0b 0c  |  -31
13:58:26.472 | 00 01 02 03 04 05 06 07 08 09 0a 0b 0c  |  -31
13:58:26.706 | 00 01 02 03 04 05 06 07 08 09 0a 0b 0c  |  -31
13:58:26.910 | 00 01 02 03 04 05 06 07 08 09 0a 0b 0c  |  -31
13:58:27.135 | 00 01 02 03 04 05 06 07 08 09 0a 0b 0c  |  -31
13:58:27.388 | 00 01 02 03 04 05 06 07 08 09 0a 0b 0c  |  -31
13:58:27.624 | 00 01 02 03 04 05 06 07 08 09 0a 0b 0c  |  -31
13:58:27.861 | 00 01 02 03 04 05 06 07 08 09 0a 0b 0c  |  -31
13:58:28.098 | 00 01 02 03 04 05 06 07 08 09 0a 0b 0c  |  -31
13:58:28.334 | 00 01 02 03 04 05 06 07 08 09 0a 0b 0c  |  -31
13:58:28.557 | 00 01 02 03 04 05 06 07 08 09 0a 0b 0c  |  -31
13:58:28.805 | 00 01 02 03 04 05 06 07 08 09 0a 0b 0c  |  -31
13:58:29.041 | 00 01 02 03 04 05 06 07 08 09 0a 0b 0c  |  -31
13:58:29.278 | 00 01 02 03 04 05 06 07 08 09 0a 0b 0c  |  -31
13:58:29.516 | 00 01 02 03 04 05 06 07 08 09 0a 0b 0c  |  -31
13:58:29.737 | 00 01 02 03 04 05 06 07 08 09 0a 0b 0c  |  -31
13:58:29.973 | 00 01 02 03 04 05 06 07 08 09 0a 0b 0c  |  -31
13:58:30.214 | 00 01 02 03 04 05 06 07 08 09 0a 0b 0c  |  -31
13:58:30.436 | 00 01 02 03 04 05 06 07 08 09 0a 0b 0c  |  -31
13:58:30.661 | 00 01 02 03 04 05 06 07 08 09 0a 0b 0c  |  -31
13:58:30.895 | 00 01 02 03 04 05 06 07 08 09 0a 0b 0c  |  -31
13:58:31.146 | 00 01 02 03 04 05 06 07 08 09 0a 0b 0c  |  -31
13:58:31.385 | 00 01 02 03 04 05 06 07 08 09 0a 0b 0c  |  -31
13:58:31.622 | 00 01 02 03 04 05 06 07 08 09 0a 0b 0c  |  -31
13:58:31.859 | 00 01 02 03 04 05 06 07 08 09 0a 0b 0c  |  -31
13:58:32.095 | 00 01 02 03 04 05 06 07 08 09 0a 0b 0c  |  -31
13:58:32.315 | 00 01 02 03 04 05 06 07 08 09 0a 0b 0c  |  -31
13:58:32.536 | 00 01 02 03 04 05 06 07 08 09 0a 0b 0c  |  -31
13:58:32.765 | 00 01 02 03 04 05 06 07 08 09 0a 0b 0c  |  -31
13:58:33.009 | 00 01 02 03 04 05 06 07 08 09 0a 0b 0c  |  -32
13:58:33.244 | 00 01 02 03 04 05 06 07 08 09 0a 0b 0c  |  -32
13:58:33.480 | 00 01 02 03 04 05 06 07 08 09 0a 0b 0c  |  -32
13:58:33.726 | 00 01 02 03 04 05 06 07 08 09 0a 0b 0c  |  -31
13:58:33.953 | 00 01 02 03 04 05 06 07 08 09 0a 0b 0c  |  -31
13:58:34.189 | 00 01 02 03 04 05 06 07 08 09 0a 0b 0c  |  -31
13:58:34.440 | 00 01 02 03 04 05 06 07 08 09 0a 0b 0c  |  -31
13:58:34.662 | 00 01 02 03 04 05 06 07 08 09 0a 0b 0c  |  -31
13:58:34.914 | 00 01 02 03 04 05 06 07 08 09 0a 0b 0c  |  -32
13:58:35.150 | 00 01 02 03 04 05 06 07 08 09 0a 0b 0c  |  -32
13:58:35.374 | 00 01 02 03 04 05 06 07 08 09 0a 0b 0c  |  -32
13:58:35.624 | 00 01 02 03 04 05 06 07 08 09 0a 0b 0c  |  -31
13:58:35.852 | 00 01 02 03 04 05 06 07 08 09 0a 0b 0c  |  -32
13:58:36.088 | 00 01 02 03 04 05 06 07 08 09 0a 0b 0c  |  -32
13:58:36.308 | 00 01 02 03 04 05 06 07 08 09 0a 0b 0c  |  -32
13:58:36.576 | 00 01 02 03 04 05 06 07 08 09 0a 0b 0c  |  -32
13:58:36.812 | 00 01 02 03 04 05 06 07 08 09 0a 0b 0c  |  -32
13:58:37.032 | 00 01 02 03 04 05 06 07 08 09 0a 0b 0c  |  -31
13:58:37.272 | 00 01 02 03 04 05 06 07 08 09 0a 0b 0c  |  -32
13:58:37.504 | 00 01 02 03 04 05 06 07 08 09 0a 0b 0c  |  -31
13:58:37.809 | 00 01 02 03 04 05 06 07 08 09 0a 0b 0c  |  -31
13:58:37.999 | 00 01 02 03 04 05 06 07 08 09 0a 0b 0c  |  -31
13:58:38.231 | 00 01 02 03 04 05 06 07 08 09 0a 0b 0c  |  -31
13:58:38.467 | 00 01 02 03 04 05 06 07 08 09 0a 0b 0c  |  -31
13:58:38.693 | 00 01 02 03 04 05 06 07 08 09 0a 0b 0c  |  -31
13:58:38.947 | 00 01 02 03 04 05 06 07 08 09 0a 0b 0c  |  -32
13:58:39.168 | 00 01 02 03 04 05 06 07 08 09 0a 0b 0c  |  -32
13:58:39.405 | 00 01 02 03 04 05 06 07 08 09 0a 0b 0c  |  -31
13:58:39.640 | 00 01 02 03 04 05 06 07 08 09 0a 0b 0c  |  -31
13:58:39.876 | 00 01 02 03 04 05 06 07 08 09 0a 0b 0c  |  -32
13:58:40.129 | 00 01 02 03 04 05 06 07 08 09 0a 0b 0c  |  -32
13:58:40.349 | 00 01 02 03 04 05 06 07 08 09 0a 0b 0c  |  -31
13:58:40.609 | 00 01 02 03 04 05 06 07 08 09 0a 0b 0c  |  -31
13:58:40.845 | 00 01 02 03 04 05 06 07 08 09 0a 0b 0c  |  -31
13:58:41.081 | 00 01 02 03 04 05 06 07 08 09 0a 0b 0c  |  -31
13:58:41.317 | 00 01 02 03 04 05 06 07 08 09 0a 0b 0c  |  -31
13:58:41.554 | 00 01 02 03 04 05 06 07 08 09 0a 0b 0c  |  -31
13:58:41.813 | 00 01 02 03 04 05 06 07 08 09 0a 0b 0c  |  -31
13:58:42.049 | 00 01 02 03 04 05 06 07 08 09 0a 0b 0c  |  -31
13:58:42.280 | 00 01 02 03 04 05 06 07 08 09 0a 0b 0c  |  -31
13:58:42.517 | 00 01 02 03 04 05 06 07 08 09 0a 0b 0c  |  -31
13:58:42.737 | 00 01 02 03 04 05 06 07 08 09 0a 0b 0c  |  -31
13:58:42.973 | 00 01 02 03 04 05 06 07 08 09 0a 0b 0c  |  -31
13:58:43.193 | 00 01 02 03 04 05 06 07 08 09 0a 0b 0c  |  -32
13:58:43.430 | 00 01 02 03 04 05 06 07 08 09 0a 0b 0c  |  -31
13:58:43.660 | 00 01 02 03 04 05 06 07 08 09 0a 0b 0c  |  -31
13:58:43.888 | 00 01 02 03 04 05 06 07 08 09 0a 0b 0c  |  -31
13:58:44.122 | 00 01 02 03 04 05 06 07 08 09 0a 0b 0c  |  -31
13:58:44.349 | 00 01 02 03 04 05 06 07 08 09 0a 0b 0c  |  -31
13:58:44.610 | 00 01 02 03 04 05 06 07 08 09 0a 0b 0c  |  -31
13:58:44.846 | 00 01 02 03 04 05 06 07 08 09 0a 0b 0c  |  -31
13:58:45.101 | 00 01 02 03 04 05 06 07 08 09 0a 0b 0c  |  -31
13:58:45.333 | 00 01 02 03 04 05 06 07 08 09 0a 0b 0c  |  -31
13:58:45.572 | 00 01 02 03 04 05 06 07 08 09 0a 0b 0c  |  -31
13:58:45.819 | 00 01 02 03 04 05 06 07 08 09 0a 0b 0c  |  -31
13:58:46.039 | 00 01 02 03 04 05 06 07 08 09 0a 0b 0c  |  -31
13:58:46.271 | 00 01 02 03 04 05 06 07 08 09 0a 0b 0c  |  -31
13:58:46.495 | 00 01 02 03 04 05 06 07 08 09 0a 0b 0c  |  -32
13:58:46.715 | 00 01 02 03 04 05 06 07 08 09 0a 0b 0c  |  -31
13:58:46.950 | 00 01 02 03 04 05 06 07 08 09 0a 0b 0c  |  -31
13:58:47.188 | 00 01 02 03 04 05 06 07 08 09 0a 0b 0c  |  -31
13:58:47.438 | 00 01 02 03 04 05 06 07 08 09 0a 0b 0c  |  -31
13:58:47.658 | 00 01 02 03 04 05 06 07 08 09 0a 0b 0c  |  -31
13:58:47.878 | 00 01 02 03 04 05 06 07 08 09 0a 0b 0c  |  -31
13:58:48.114 | 00 01 02 03 04 05 06 07 08 09 0a 0b 0c  |  -31
13:58:48.351 | 00 01 02 03 04 05 06 07 08 09 0a 0b 0c  |  -31
13:58:48.574 | 00 01 02 03 04 05 06 07 08 09 0a 0b 0c  |  -31
13:58:48.802 | 00 01 02 03 04 05 06 07 08 09 0a 0b 0c  |  -31
13:58:49.046 | 00 01 02 03 04 05 06 07 08 09 0a 0b 0c  |  -31
13:58:49.281 | 00 01 02 03 04 05 06 07 08 09 0a 0b 0c  |  -31
13:58:49.503 | 00 01 02 03 04 05 06 07 08 09 0a 0b 0c  |  -31
13:58:49.755 | 00 01 02 03 04 05 06 07 08 09 0a 0b 0c  |  -31
13:58:49.976 | 00 01 02 03 04 05 06 07 08 09 0a 0b 0c  |  -31
13:58:50.213 | 00 01 02 03 04 05 06 07 08 09 0a 0b 0c  |  -31
13:58:50.450 | 00 01 02 03 04 05 06 07 08 09 0a 0b 0c  |  -32
13:58:50.685 | 00 01 02 03 04 05 06 07 08 09 0a 0b 0c  |  -32
13:58:50.921 | 00 01 02 03 04 05 06 07 08 09 0a 0b 0c  |  -31
13:58:51.156 | 00 01 02 03 04 05 06 07 08 09 0a 0b 0c  |  -32
13:58:51.392 | 00 01 02 03 04 05 06 07 08 09 0a 0b 0c  |  -32
13:58:51.614 | 00 01 02 03 04 05 06 07 08 09 0a 0b 0c  |  -32
13:58:51.834 | 00 01 02 03 04 05 06 07 08 09 0a 0b 0c  |  -32
13:58:52.070 | 00 01 02 03 04 05 06 07 08 09 0a 0b 0c  |  -32
13:58:52.309 | 00 01 02 03 04 05 06 07 08 09 0a 0b 0c  |  -31
13:58:52.530 | 00 01 02 03 04 05 06 07 08 09 0a 0b 0c  |  -32
13:58:52.781 | 00 01 02 03 04 05 06 07 08 09 0a 0b 0c  |  -32
13:58:53.038 | 00 01 02 03 04 05 06 07 08 09 0a 0b 0c  |  -32
13:58:53.273 | 00 01 02 03 04 05 06 07 08 09 0a 0b 0c  |  -32
13:58:53.499 | 00 01 02 03 04 05 06 07 08 09 0a 0b 0c  |  -31
13:58:53.751 | 00 01 02 03 04 05 06 07 08 09 0a 0b 0c  |  -32
13:58:53.999 | 00 01 02 03 04 05 06 07 08 09 0a 0b 0c  |  -32
13:58:54.223 | 00 01 02 03 04 05 06 07 08 09 0a 0b 0c  |  -31
13:58:54.459 | 00 01 02 03 04 05 06 07 08 09 0a 0b 0c  |  -31
13:58:54.701 | 00 01 02 03 04 05 06 07 08 09 0a 0b 0c  |  -31
13:58:54.932 | 00 01 02 03 04 05 06 07 08 09 0a 0b 0c  |  -32
13:58:55.183 | 00 01 02 03 04 05 06 07 08 09 0a 0b 0c  |  -32
13:58:55.403 | 00 01 02 03 04 05 06 07 08 09 0a 0b 0c  |  -32
13:58:55.633 | 00 01 02 03 04 05 06 07 08 09 0a 0b 0c  |  -31
13:58:55.854 | 00 01 02 03 04 05 06 07 08 09 0a 0b 0c  |  -31
13:58:56.074 | 00 01 02 03 04 05 06 07 08 09 0a 0b 0c  |  -31
13:58:56.309 | 00 01 02 03 04 05 06 07 08 09 0a 0b 0c  |  -31
13:58:56.521 | 00 01 02 03 04 05 06 07 08 09 0a 0b 0c  |  -31
13:58:56.751 | 00 01 02 03 04 05 06 07 08 09 0a 0b 0c  |  -31
13:58:56.987 | 00 01 02 03 04 05 06 07 08 09 0a 0b 0c  |  -32
13:58:57.249 | 00 01 02 03 04 05 06 07 08 09 0a 0b 0c  |  -32
13:58:57.492 | 00 01 02 03 04 05 06 07 08 09 0a 0b 0c  |  -32
13:58:57.729 | 00 01 02 03 04 05 06 07 08 09 0a 0b 0c  |  -32
13:58:57.982 | 00 01 02 03 04 05 06 07 08 09 0a 0b 0c  |  -32
13:58:58.206 | 00 01 02 03 04 05 06 07 08 09 0a 0b 0c  |  -32
13:58:58.438 | 00 01 02 03 04 05 06 07 08 09 0a 0b 0c  |  -32
13:58:58.664 | 00 01 02 03 04 05 06 07 08 09 0a 0b 0c  |  -32
13:58:58.897 | 00 01 02 03 04 05 06 07 08 09 0a 0b 0c  |  -32
13:58:59.132 | 00 01 02 03 04 05 06 07 08 09 0a 0b 0c  |  -32
13:58:59.368 | 00 01 02 03 04 05 06 07 08 09 0a 0b 0c  |  -32
13:58:59.606 | 00 01 02 03 04 05 06 07 08 09 0a 0b 0c  |  -32
13:58:59.843 | 00 01 02 03 04 05 06 07 08 09 0a 0b 0c  |  -32
13:59:00.078 | 00 01 02 03 04 05 06 07 08 09 0a 0b 0c  |  -32
13:59:00.310 | 00 01 02 03 04 05 06 07 08 09 0a 0b 0c  |  -32
13:59:00.543 | 00 01 02 03 04 05 06 07 08 09 0a 0b 0c  |  -32
13:59:00.760 | 00 01 02 03 04 05 06 07 08 09 0a 0b 0c  |  -32
13:59:00.981 | 00 01 02 03 04 05 06 07 08 09 0a 0b 0c  |  -32
13:59:01.232 | 00 01 02 03 04 05 06 07 08 09 0a 0b 0c  |  -32
13:59:01.486 | 00 01 02 03 04 05 06 07 08 09 0a 0b 0c  |  -32
13:59:01.712 | 00 01 02 03 04 05 06 07 08 09 0a 0b 0c  |  -32
13:59:01.951 | 00 01 02 03 04 05 06 07 08 09 0a 0b 0c  |  -32
13:59:02.180 | 00 01 02 03 04 05 06 07 08 09 0a 0b 0c  |  -32
13:59:02.417 | 00 01 02 03 04 05 06 07 08 09 0a 0b 0c  |  -32
13:59:02.638 | 00 01 02 03 04 05 06 07 08 09 0a 0b 0c  |  -32
13:59:02.885 | 00 01 02 03 04 05 06 07 08 09 0a 0b 0c  |  -32
13:59:03.126 | 00 01 02 03 04 05 06 07 08 09 0a 0b 0c  |  -31
13:59:03.362 | 00 01 02 03 04 05 06 07 08 09 0a 0b 0c  |  -31
13:59:03.593 | 00 01 02 03 04 05 06 07 08 09 0a 0b 0c  |  -31
13:59:03.830 | 00 01 02 03 04 05 06 07 08 09 0a 0b 0c  |  -31
13:59:04.067 | 00 01 02 03 04 05 06 07 08 09 0a 0b 0c  |  -31
13:59:04.302 | 00 01 02 03 04 05 06 07 08 09 0a 0b 0c  |  -31
13:59:04.533 | 00 01 02 03 04 05 06 07 08 09 0a 0b 0c  |  -31
13:59:04.744 | 00 01 02 03 04 05 06 07 08 09 0a 0b 0c  |  -31
13:59:04.999 | 00 01 02 03 04 05 06 07 08 09 0a 0b 0c  |  -31
13:59:05.234 | 00 01 02 03 04 05 06 07 08 09 0a 0b 0c  |  -31
13:59:05.464 | 00 01 02 03 04 05 06 07 08 09 0a 0b 0c  |  -31
13:59:05.701 | 00 01 02 03 04 05 06 07 08 09 0a 0b 0c  |  -31
13:59:05.985 | 00 01 02 03 04 05 06 07 08 09 0a 0b 0c  |  -31
13:59:06.174 | 00 01 02 03 04 05 06 07 08 09 0a 0b 0c  |  -31
13:59:06.394 | 00 01 02 03 04 05 06 07 08 09 0a 0b 0c  |  -31
13:59:06.630 | 00 01 02 03 04 05 06 07 08 09 0a 0b 0c  |  -31
13:59:06.851 | 00 01 02 03 04 05 06 07 08 09 0a 0b 0c  |  -31
13:59:07.093 | 00 01 02 03 04 05 06 07 08 09 0a 0b 0c  |  -31
13:59:07.322 | 00 01 02 03 04 05 06 07 08 09 0a 0b 0c  |  -31
13:59:07.548 | 00 01 02 03 04 05 06 07 08 09 0a 0b 0c  |  -31
13:59:07.801 | 00 01 02 03 04 05 06 07 08 09 0a 0b 0c  |  -31
13:59:08.037 | 00 01 02 03 04 05 06 07 08 09 0a 0b 0c  |  -31
13:59:08.260 | 00 01 02 03 04 05 06 07 08 09 0a 0b 0c  |  -31
13:59:08.484 | 00 01 02 03 04 05 06 07 08 09 0a 0b 0c  |  -31
13:59:08.716 | 00 01 02 03 04 05 06 07 08 09 0a 0b 0c  |  -31
13:59:08.960 | 00 01 02 03 04 05 06 07 08 09 0a 0b 0c  |  -31
13:59:09.196 | 00 01 02 03 04 05 06 07 08 09 0a 0b 0c  |  -31
13:59:09.432 | 00 01 02 03 04 05 06 07 08 09 0a 0b 0c  |  -31
13:59:09.653 | 00 01 02 03 04 05 06 07 08 09 0a 0b 0c  |  -31
13:59:09.889 | 00 01 02 03 04 05 06 07 08 09 0a 0b 0c  |  -31
13:59:10.110 | 00 01 02 03 04 05 06 07 08 09 0a 0b 0c  |  -31
13:59:10.330 | 00 01 02 03 04 05 06 07 08 09 0a 0b 0c  |  -31
13:59:10.580 | 00 01 02 03 04 05 06 07 08 09 0a 0b 0c  |  -31
13:59:10.812 | 00 01 02 03 04 05 06 07 08 09 0a 0b 0c  |  -31
13:59:11.047 | 00 01 02 03 04 05 06 07 08 09 0a 0b 0c  |  -31
13:59:11.270 | 00 01 02 03 04 05 06 07 08 09 0a 0b 0c  |  -31
13:59:11.491 | 00 01 02 03 04 05 06 07 08 09 0a 0b 0c  |  -31
13:59:11.737 | 00 01 02 03 04 05 06 07 08 09 0a 0b 0c  |  -31
13:59:11.963 | 00 01 02 03 04 05 06 07 08 09 0a 0b 0c  |  -31
13:59:12.183 | 00 01 02 03 04 05 06 07 08 09 0a 0b 0c  |  -31
13:59:12.403 | 00 01 02 03 04 05 06 07 08 09 0a 0b 0c  |  -31
13:59:12.639 | 00 01 02 03 04 05 06 07 08 09 0a 0b 0c  |  -31
13:59:12.879 | 00 01 02 03 04 05 06 07 08 09 0a 0b 0c  |  -31
13:59:13.100 | 00 01 02 03 04 05 06 07 08 09 0a 0b 0c  |  -31
13:59:13.352 | 00 01 02 03 04 05 06 07 08 09 0a 0b 0c  |  -31
13:59:13.589 | 00 01 02 03 04 05 06 07 08 09 0a 0b 0c  |  -31
13:59:13.836 | 00 01 02 03 04 05 06 07 08 09 0a 0b 0c  |  -31
13:59:14.061 | 00 01 02 03 04 05 06 07 08 09 0a 0b 0c  |  -31
13:59:14.296 | 00 01 02 03 04 05 06 07 08 09 0a 0b 0c  |  -31
13:59:14.529 | 00 01 02 03 04 05 06 07 08 09 0a 0b 0c  |  -31
13:59:14.739 | 00 01 02 03 04 05 06 07 08 09 0a 0b 0c  |  -31
13:59:14.990 | 00 01 02 03 04 05 06 07 08 09 0a 0b 0c  |  -31
13:59:15.227 | 00 01 02 03 04 05 06 07 08 09 0a 0b 0c  |  -31
13:59:15.447 | 00 01 02 03 04 05 06 07 08 09 0a 0b 0c  |  -30
13:59:15.689 | 00 01 02 03 04 05 06 07 08 09 0a 0b 0c  |  -30
13:59:15.921 | 00 01 02 03 04 05 06 07 08 09 0a 0b 0c  |  -31
13:59:16.144 | 00 01 02 03 04 05 06 07 08 09 0a 0b 0c  |  -31
13:59:16.364 | 00 01 02 03 04 05 06 07 08 09 0a 0b 0c  |  -31
13:59:16.584 | 00 01 02 03 04 05 06 07 08 09 0a 0b 0c  |  -31
13:59:16.821 | 00 01 02 03 04 05 06 07 08 09 0a 0b 0c  |  -31
13:59:17.057 | 00 01 02 03 04 05 06 07 08 09 0a 0b 0c  |  -31
13:59:17.296 | 00 01 02 03 04 05 06 07 08 09 0a 0b 0c  |  -31
13:59:17.523 | 00 01 02 03 04 05 06 07 08 09 0a 0b 0c  |  -31
13:59:17.755 | 00 01 02 03 04 05 06 07 08 09 0a 0b 0c  |  -31
13:59:17.991 | 00 01 02 03 04 05 06 07 08 09 0a 0b 0c  |  -31
13:59:18.211 | 00 01 02 03 04 05 06 07 08 09 0a 0b 0c  |  -31
13:59:18.447 | 00 01 02 03 04 05 06 07 08 09 0a 0b 0c  |  -32
13:59:18.683 | 00 01 02 03 04 05 06 07 08 09 0a 0b 0c  |  -31
13:59:18.903 | 00 01 02 03 04 05 06 07 08 09 0a 0b 0c  |  -31
13:59:19.171 | 00 01 02 03 04 05 06 07 08 09 0a 0b 0c  |  -31
13:59:19.428 | 00 01 02 03 04 05 06 07 08 09 0a 0b 0c  |  -31
13:59:19.695 | 00 01 02 03 04 05 06 07 08 09 0a 0b 0c  |  -31
13:59:19.935 | 00 01 02 03 04 05 06 07 08 09 0a 0b 0c  |  -31
13:59:20.155 | 00 01 02 03 04 05 06 07 08 09 0a 0b 0c  |  -31
13:59:20.390 | 00 01 02 03 04 05 06 07 08 09 0a 0b 0c  |  -31
13:59:20.631 | 00 01 02 03 04 05 06 07 08 09 0a 0b 0c  |  -31
13:59:20.855 | 00 01 02 03 04 05 06 07 08 09 0a 0b 0c  |  -31
13:59:21.079 | 00 01 02 03 04 05 06 07 08 09 0a 0b 0c  |  -31
13:59:21.300 | 00 01 02 03 04 05 06 07 08 09 0a 0b 0c  |  -30
13:59:21.536 | 00 01 02 03 04 05 06 07 08 09 0a 0b 0c  |  -30
13:59:21.773 | 00 01 02 03 04 05 06 07 08 09 0a 0b 0c  |  -31
13:59:22.009 | 00 01 02 03 04 05 06 07 08 09 0a 0b 0c  |  -31
13:59:22.245 | 00 01 02 03 04 05 06 07 08 09 0a 0b 0c  |  -31
13:59:22.481 | 00 01 02 03 04 05 06 07 08 09 0a 0b 0c  |  -31
13:59:22.718 | 00 01 02 03 04 05 06 07 08 09 0a 0b 0c  |  -31
13:59:22.933 | 00 01 02 03 04 05 06 07 08 09 0a 0b 0c  |  -31
13:59:23.153 | 00 01 02 03 04 05 06 07 08 09 0a 0b 0c  |  -31
13:59:23.388 | 00 01 02 03 04 05 06 07 08 09 0a 0b 0c  |  -31
13:59:23.625 | 00 01 02 03 04 05 06 07 08 09 0a 0b 0c  |  -31
13:59:23.854 | 00 01 02 03 04 05 06 07 08 09 0a 0b 0c  |  -31
13:59:24.080 | 00 01 02 03 04 05 06 07 08 09 0a 0b 0c  |  -31
13:59:24.300 | 00 01 02 03 04 05 06 07 08 09 0a 0b 0c  |  -31
13:59:24.547 | 00 01 02 03 04 05 06 07 08 09 0a 0b 0c  |  -31
13:59:24.777 | 00 01 02 03 04 05 06 07 08 09 0a 0b 0c  |  -31
13:59:24.997 | 00 01 02 03 04 05 06 07 08 09 0a 0b 0c  |  -31
13:59:25.236 | 00 01 02 03 04 05 06 07 08 09 0a 0b 0c  |  -31
13:59:25.472 | 00 01 02 03 04 05 06 07 08 09 0a 0b 0c  |  -31
13:59:25.709 | 00 01 02 03 04 05 06 07 08 09 0a 0b 0c  |  -31
13:59:25.966 | 00 01 02 03 04 05 06 07 08 09 0a 0b 0c  |  -31
13:59:26.208 | 00 01 02 03 04 05 06 07 08 09 0a 0b 0c  |  -31
13:59:26.460 | 00 01 02 03 04 05 06 07 08 09 0a 0b 0c  |  -31
13:59:26.711 | 00 01 02 03 04 05 06 07 08 09 0a 0b 0c  |  -31
13:59:26.936 | 00 01 02 03 04 05 06 07 08 09 0a 0b 0c  |  -31
13:59:27.196 | 00 01 02 03 04 05 06 07 08 09 0a 0b 0c  |  -31
13:59:27.423 | 00 01 02 03 04 05 06 07 08 09 0a 0b 0c  |  -31
13:59:27.671 | 00 01 02 03 04 05 06 07 08 09 0a 0b 0c  |  -31
13:59:27.891 | 00 01 02 03 04 05 06 07 08 09 0a 0b 0c  |  -31
13:59:28.143 | 00 01 02 03 04 05 06 07 08 09 0a 0b 0c  |  -31
13:59:28.363 | 00 01 02 03 04 05 06 07 08 09 0a 0b 0c  |  -31
13:59:28.603 | 00 01 02 03 04 05 06 07 08 09 0a 0b 0c  |  -31
13:59:28.836 | 00 01 02 03 04 05 06 07 08 09 0a 0b 0c  |  -31
13:59:29.072 | 00 01 02 03 04 05 06 07 08 09 0a 0b 0c  |  -31
13:59:29.293 | 00 01 02 03 04 05 06 07 08 09 0a 0b 0c  |  -31
13:59:29.532 | 00 01 02 03 04 05 06 07 08 09 0a 0b 0c  |  -31
13:59:29.769 | 00 01 02 03 04 05 06 07 08 09 0a 0b 0c  |  -31
13:59:30.005 | 00 01 02 03 04 05 06 07 08 09 0a 0b 0c  |  -31
13:59:30.254 | 00 01 02 03 04 05 06 07 08 09 0a 0b 0c  |  -31
13:59:30.476 | 00 01 02 03 04 05 06 07 08 09 0a 0b 0c  |  -30
13:59:30.729 | 00 01 02 03 04 05 06 07 08 09 0a 0b 0c  |  -31
13:59:30.968 | 00 01 02 03 04 05 06 07 08 09 0a 0b 0c  |  -31
13:59:31.220 | 00 01 02 03 04 05 06 07 08 09 0a 0b 0c  |  -31
13:59:31.447 | 00 01 02 03 04 05 06 07 08 09 0a 0b 0c  |  -31
13:59:31.664 | 00 01 02 03 04 05 06 07 08 09 0a 0b 0c  |  -31
13:59:31.922 | 00 01 02 03 04 05 06 07 08 09 0a 0b 0c  |  -31
13:59:32.154 | 00 01 02 03 04 05 06 07 08 09 0a 0b 0c  |  -31
13:59:32.370 | 00 01 02 03 04 05 06 07 08 09 0a 0b 0c  |  -31
13:59:32.607 | 00 01 02 03 04 05 06 07 08 09 0a 0b 0c  |  -31
13:59:32.843 | 00 01 02 03 04 05 06 07 08 09 0a 0b 0c  |  -31
13:59:33.078 | 00 01 02 03 04 05 06 07 08 09 0a 0b 0c  |  -31
13:59:33.314 | 00 01 02 03 04 05 06 07 08 09 0a 0b 0c  |  -31
13:59:33.544 | 00 01 02 03 04 05 06 07 08 09 0a 0b 0c  |  -31
13:59:33.777 | 00 01 02 03 04 05 06 07 08 09 0a 0b 0c  |  -31
13:59:34.068 | 00 01 02 03 04 05 06 07 08 09 0a 0b 0c  |  -31
13:59:34.248 | 00 01 02 03 04 05 06 07 08 09 0a 0b 0c  |  -31
13:59:34.468 | 00 01 02 03 04 05 06 07 08 09 0a 0b 0c  |  -31
13:59:34.705 | 00 01 02 03 04 05 06 07 08 09 0a 0b 0c  |  -31
13:59:34.944 | 00 01 02 03 04 05 06 07 08 09 0a 0b 0c  |  -30
13:59:35.167 | 00 01 02 03 04 05 06 07 08 09 0a 0b 0c  |  -31
13:59:35.395 | 00 01 02 03 04 05 06 07 08 09 0a 0b 0c  |  -31
13:59:35.655 | 00 01 02 03 04 05 06 07 08 09 0a 0b 0c  |  -31
13:59:35.876 | 00 01 02 03 04 05 06 07 08 09 0a 0b 0c  |  -31
13:59:36.127 | 00 01 02 03 04 05 06 07 08 09 0a 0b 0c  |  -31
13:59:36.369 | 00 01 02 03 04 05 06 07 08 09 0a 0b 0c  |  -31
13:59:36.604 | 00 01 02 03 04 05 06 07 08 09 0a 0b 0c  |  -30
13:59:36.808 | 00 01 02 03 04 05 06 07 08 09 0a 0b 0c  |  -30
13:59:37.075 | 00 01 02 03 04 05 06 07 08 09 0a 0b 0c  |  -31
13:59:37.311 | 00 01 02 03 04 05 06 07 08 09 0a 0b 0c  |  -30
13:59:37.548 | 00 01 02 03 04 05 06 07 08 09 0a 0b 0c  |  -31
13:59:37.769 | 00 01 02 03 04 05 06 07 08 09 0a 0b 0c  |  -30
13:59:38.012 | 00 01 02 03 04 05 06 07 08 09 0a 0b 0c  |  -31
13:59:38.269 | 00 01 02 03 04 05 06 07 08 09 0a 0b 0c  |  -31
13:59:38.504 | 00 01 02 03 04 05 06 07 08 09 0a 0b 0c  |  -31
13:59:38.736 | 00 01 02 03 04 05 06 07 08 09 0a 0b 0c  |  -31
13:59:38.973 | 00 01 02 03 04 05 06 07 08 09 0a 0b 0c  |  -31
13:59:39.203 | 00 01 02 03 04 05 06 07 08 09 0a 0b 0c  |  -31
13:59:39.428 | 00 01 02 03 04 05 06 07 08 09 0a 0b 0c  |  -31
13:59:39.680 | 00 01 02 03 04 05 06 07 08 09 0a 0b 0c  |  -31
13:59:39.900 | 00 01 02 03 04 05 06 07 08 09 0a 0b 0c  |  -31
13:59:40.136 | 00 01 02 03 04 05 06 07 08 09 0a 0b 0c  |  -31
13:59:40.360 | 00 01 02 03 04 05 06 07 08 09 0a 0b 0c  |  -31
13:59:40.606 | 00 01 02 03 04 05 06 07 08 09 0a 0b 0c  |  -31
13:59:40.852 | 00 01 02 03 04 05 06 07 08 09 0a 0b 0c  |  -31
13:59:41.085 | 00 01 02 03 04 05 06 07 08 09 0a 0b 0c  |  -31
13:59:41.321 | 00 01 02 03 04 05 06 07 08 09 0a 0b 0c  |  -31
13:59:41.553 | 00 01 02 03 04 05 06 07 08 09 0a 0b 0c  |  -31
13:59:41.772 | 00 01 02 03 04 05 06 07 08 09 0a 0b 0c  |  -31
13:59:42.014 | 00 01 02 03 04 05 06 07 08 09 0a 0b 0c  |  -31
13:59:42.233 | 00 01 02 03 04 05 06 07 08 09 0a 0b 0c  |  -31
13:59:42.453 | 00 01 02 03 04 05 06 07 08 09 0a 0b 0c  |  -31
13:59:42.688 | 00 01 02 03 04 05 06 07 08 09 0a 0b 0c  |  -31
13:59:42.932 | 00 01 02 03 04 05 06 07 08 09 0a 0b 0c  |  -31
13:59:43.180 | 00 01 02 03 04 05 06 07 08 09 0a 0b 0c  |  -31
13:59:43.428 | 00 01 02 03 04 05 06 07 08 09 0a 0b 0c  |  -31
13:59:43.643 | 00 01 02 03 04 05 06 07 08 09 0a 0b 0c  |  -31
13:59:43.880 | 00 01 02 03 04 05 06 07 08 09 0a 0b 0c  |  -31
13:59:44.116 | 00 01 02 03 04 05 06 07 08 09 0a 0b 0c  |  -30
13:59:44.337 | 00 01 02 03 04 05 06 07 08 09 0a 0b 0c  |  -30
13:59:44.556 | 00 01 02 03 04 05 06 07 08 09 0a 0b 0c  |  -30
13:59:44.784 | 00 01 02 03 04 05 06 07 08 09 0a 0b 0c  |  -30
13:59:45.020 | 00 01 02 03 04 05 06 07 08 09 0a 0b 0c  |  -30
13:59:45.244 | 00 01 02 03 04 05 06 07 08 09 0a 0b 0c  |  -30
13:59:45.465 | 00 01 02 03 04 05 06 07 08 09 0a 0b 0c  |  -30
13:59:45.701 | 00 01 02 03 04 05 06 07 08 09 0a 0b 0c  |  -31
13:59:45.938 | 00 01 02 03 04 05 06 07 08 09 0a 0b 0c  |  -31
13:59:46.174 | 00 01 02 03 04 05 06 07 08 09 0a 0b 0c  |  -30
13:59:46.418 | 00 01 02 03 04 05 06 07 08 09 0a 0b 0c  |  -30
13:59:46.649 | 00 01 02 03 04 05 06 07 08 09 0a 0b 0c  |  -30
13:59:46.882 | 00 01 02 03 04 05 06 07 08 09 0a 0b 0c  |  -30
13:59:47.103 | 00 01 02 03 04 05 06 07 08 09 0a 0b 0c  |  -30
13:59:47.322 | 00 01 02 03 04 05 06 07 08 09 0a 0b 0c  |  -30
13:59:47.590 | 00 01 02 03 04 05 06 07 08 09 0a 0b 0c  |  -30
13:59:47.819 | 00 01 02 03 04 05 06 07 08 09 0a 0b 0c  |  -30
13:59:48.031 | 00 01 02 03 04 05 06 07 08 09 0a 0b 0c  |  -30
13:59:48.251 | 00 01 02 03 04 05 06 07 08 09 0a 0b 0c  |  -30
13:59:48.487 | 00 01 02 03 04 05 06 07 08 09 0a 0b 0c  |  -30
13:59:48.708 | 00 01 02 03 04 05 06 07 08 09 0a 0b 0c  |  -30
13:59:48.943 | 00 01 02 03 04 05 06 07 08 09 0a 0b 0c  |  -30
13:59:49.165 | 00 01 02 03 04 05 06 07 08 09 0a 0b 0c  |  -30
13:59:49.385 | 00 01 02 03 04 05 06 07 08 09 0a 0b 0c  |  -31
13:59:49.605 | 00 01 02 03 04 05 06 07 08 09 0a 0b 0c  |  -31
13:59:49.842 | 00 01 02 03 04 05 06 07 08 09 0a 0b 0c  |  -31
13:59:50.062 | 00 01 02 03 04 05 06 07 08 09 0a 0b 0c  |  -30
13:59:50.282 | 00 01 02 03 04 05 06 07 08 09 0a 0b 0c  |  -30
13:59:50.527 | 00 01 02 03 04 05 06 07 08 09 0a 0b 0c  |  -30
13:59:50.760 | 00 01 02 03 04 05 06 07 08 09 0a 0b 0c  |  -30
13:59:50.998 | 00 01 02 03 04 05 06 07 08 09 0a 0b 0c  |  -30
13:59:51.266 | 00 01 02 03 04 05 06 07 08 09 0a 0b 0c  |  -30
13:59:51.517 | 00 01 02 03 04 05 06 07 08 09 0a 0b 0c  |  -30
13:59:51.737 | 00 01 02 03 04 05 06 07 08 09 0a 0b 0c  |  -30
13:59:51.982 | 00 01 02 03 04 05 06 07 08 09 0a 0b 0c  |  -30
13:59:52.214 | 00 01 02 03 04 05 06 07 08 09 0a 0b 0c  |  -30
13:59:52.466 | 00 01 02 03 04 05 06 07 08 09 0a 0b 0c  |  -31
13:59:52.729 | 00 01 02 03 04 05 06 07 08 09 0a 0b 0c  |  -31
13:59:52.940 | 00 01 02 03 04 05 06 07 08 09 0a 0b 0c  |  -31
13:59:53.176 | 00 01 02 03 04 05 06 07 08 09 0a 0b 0c  |  -30
13:59:53.419 | 00 01 02 03 04 05 06 07 08 09 0a 0b 0c  |  -30
13:59:53.639 | 00 01 02 03 04 05 06 07 08 09 0a 0b 0c  |  -30
13:59:53.891 | 00 01 02 03 04 05 06 07 08 09 0a 0b 0c  |  -30
13:59:54.131 | 00 01 02 03 04 05 06 07 08 09 0a 0b 0c  |  -30
13:59:54.363 | 00 01 02 03 04 05 06 07 08 09 0a 0b 0c  |  -30
13:59:54.585 | 00 01 02 03 04 05 06 07 08 09 0a 0b 0c  |  -31
13:59:54.820 | 00 01 02 03 04 05 06 07 08 09 0a 0b 0c  |  -31
13:59:55.064 | 00 01 02 03 04 05 06 07 08 09 0a 0b 0c  |  -30
13:59:55.297 | 00 01 02 03 04 05 06 07 08 09 0a 0b 0c  |  -31
13:59:55.514 | 00 01 02 03 04 05 06 07 08 09 0a 0b 0c  |  -30
13:59:55.739 | 00 01 02 03 04 05 06 07 08 09 0a 0b 0c  |  -31
13:59:55.975 | 00 01 02 03 04 05 06 07 08 09 0a 0b 0c  |  -30
13:59:56.210 | 00 01 02 03 04 05 06 07 08 09 0a 0b 0c  |  -31
13:59:56.462 | 00 01 02 03 04 05 06 07 08 09 0a 0b 0c  |  -31
13:59:56.698 | 00 01 02 03 04 05 06 07 08 09 0a 0b 0c  |  -31
13:59:56.938 | 00 01 02 03 04 05 06 07 08 09 0a 0b 0c  |  -31
13:59:57.186 | 00 01 02 03 04 05 06 07 08 09 0a 0b 0c  |  -31
13:59:57.438 | 00 01 02 03 04 05 06 07 08 09 0a 0b 0c  |  -31
13:59:57.685 | 00 01 02 03 04 05 06 07 08 09 0a 0b 0c  |  -31
13:59:57.910 | 00 01 02 03 04 05 06 07 08 09 0a 0b 0c  |  -31
13:59:58.164 | 00 01 02 03 04 05 06 07 08 09 0a 0b 0c  |  -31
13:59:58.400 | 00 01 02 03 04 05 06 07 08 09 0a 0b 0c  |  -31
13:59:58.652 | 00 01 02 03 04 05 06 07 08 09 0a 0b 0c  |  -31
13:59:58.888 | 00 01 02 03 04 05 06 07 08 09 0a 0b 0c  |  -31
13:59:59.112 | 00 01 02 03 04 05 06 07 08 09 0a 0b 0c  |  -31
13:59:59.347 | 00 01 02 03 04 05 06 07 08 09 0a 0b 0c  |  -32
13:59:59.571 | 00 01 02 03 04 05 06 07 08 09 0a 0b 0c  |  -32
13:59:59.807 | 00 01 02 03 04 05 06 07 08 09 0a 0b 0c  |  -32
14:00:00.027 | 00 01 02 03 04 05 06 07 08 09 0a 0b 0c  |  -32
14:00:00.265 | 00 01 02 03 04 05 06 07 08 09 0a 0b 0c  |  -31
14:00:00.502 | 00 01 02 03 04 05 06 07 08 09 0a 0b 0c  |  -31
14:00:00.754 | 00 01 02 03 04 05 06 07 08 09 0a 0b 0c  |  -30
14:00:00.983 | 00 01 02 03 04 05 06 07 08 09 0a 0b 0c  |  -30
14:00:01.194 | 00 01 02 03 04 05 06 07 08 09 0a 0b 0c  |  -31
14:00:01.430 | 00 01 02 03 04 05 06 07 08 09 0a 0b 0c  |  -31
14:00:01.671 | 00 01 02 03 04 05 06 07 08 09 0a 0b 0c  |  -31
14:00:01.907 | 00 01 02 03 04 05 06 07 08 09 0a 0b 0c  |  -31
14:00:02.194 | 00 01 02 03 04 05 06 07 08 09 0a 0b 0c  |  -31
14:00:02.363 | 00 01 02 03 04 05 06 07 08 09 0a 0b 0c  |  -31
14:00:02.615 | 00 01 02 03 04 05 06 07 08 09 0a 0b 0c  |  -31
14:00:02.850 | 00 01 02 03 04 05 06 07 08 09 0a 0b 0c  |  -31
14:00:03.081 | 00 01 02 03 04 05 06 07 08 09 0a 0b 0c  |  -31
14:00:03.291 | 00 01 02 03 04 05 06 07 08 09 0a 0b 0c  |  -31
14:00:03.534 | 00 01 02 03 04 05 06 07 08 09 0a 0b 0c  |  -31
14:00:03.754 | 00 01 02 03 04 05 06 07 08 09 0a 0b 0c  |  -31
14:00:04.001 | 00 01 02 03 04 05 06 07 08 09 0a 0b 0c  |  -31
14:00:04.250 | 00 01 02 03 04 05 06 07 08 09 0a 0b 0c  |  -31
14:00:04.464 | 00 01 02 03 04 05 06 07 08 09 0a 0b 0c  |  -31
14:00:04.686 | 00 01 02 03 04 05 06 07 08 09 0a 0b 0c  |  -31
14:00:04.922 | 00 01 02 03 04 05 06 07 08 09 0a 0b 0c  |  -31
14:00:05.160 | 00 01 02 03 04 05 06 07 08 09 0a 0b 0c  |  -31
14:00:05.394 | 00 01 02 03 04 05 06 07 08 09 0a 0b 0c  |  -30
14:00:05.614 | 00 01 02 03 04 05 06 07 08 09 0a 0b 0c  |  -30
14:00:05.884 | 00 01 02 03 04 05 06 07 08 09 0a 0b 0c  |  -30
14:00:06.104 | 00 01 02 03 04 05 06 07 08 09 0a 0b 0c  |  -30
14:00:06.339 | 00 01 02 03 04 05 06 07 08 09 0a 0b 0c  |  -30
14:00:06.583 | 00 01 02 03 04 05 06 07 08 09 0a 0b 0c  |  -31
14:00:06.813 | 00 01 02 03 04 05 06 07 08 09 0a 0b 0c  |  -31
14:00:07.034 | 00 01 02 03 04 05 06 07 08 09 0a 0b 0c  |  -31
14:00:07.271 | 00 01 02 03 04 05 06 07 08 09 0a 0b 0c  |  -31
14:00:07.507 | 00 01 02 03 04 05 06 07 08 09 0a 0b 0c  |  -31
14:00:07.742 | 00 01 02 03 04 05 06 07 08 09 0a 0b 0c  |  -30
14:00:07.964 | 00 01 02 03 04 05 06 07 08 09 0a 0b 0c  |  -30
14:00:08.184 | 00 01 02 03 04 05 06 07 08 09 0a 0b 0c  |  -30
14:00:08.405 | 00 01 02 03 04 05 06 07 08 09 0a 0b 0c  |  -31
14:00:08.631 | 00 01 02 03 04 05 06 07 08 09 0a 0b 0c  |  -31
14:00:08.857 | 00 01 02 03 04 05 06 07 08 09 0a 0b 0c  |  -31
14:00:09.078 | 00 01 02 03 04 05 06 07 08 09 0a 0b 0c  |  -31
14:00:09.314 | 00 01 02 03 04 05 06 07 08 09 0a 0b 0c  |  -31
14:00:09.549 | 00 01 02 03 04 05 06 07 08 09 0a 0b 0c  |  -31
14:00:09.786 | 00 01 02 03 04 05 06 07 08 09 0a 0b 0c  |  -31
14:00:10.006 | 00 01 02 03 04 05 06 07 08 09 0a 0b 0c  |  -32
14:00:10.245 | 00 01 02 03 04 05 06 07 08 09 0a 0b 0c  |  -32
14:00:10.455 | 00 01 02 03 04 05 06 07 08 09 0a 0b 0c  |  -31
14:00:10.697 | 00 01 02 03 04 05 06 07 08 09 0a 0b 0c  |  -31
14:00:10.943 | 00 01 02 03 04 05 06 07 08 09 0a 0b 0c  |  -32
14:00:11.196 | 00 01 02 03 04 05 06 07 08 09 0a 0b 0c  |  -31
14:00:11.432 | 00 01 02 03 04 05 06 07 08 09 0a 0b 0c  |  -31
14:00:11.684 | 00 01 02 03 04 05 06 07 08 09 0a 0b 0c  |  -31
14:00:11.934 | 00 01 02 03 04 05 06 07 08 09 0a 0b 0c  |  -31
14:00:12.152 | 00 01 02 03 04 05 06 07 08 09 0a 0b 0c  |  -31
14:00:12.388 | 00 01 02 03 04 05 06 07 08 09 0a 0b 0c  |  -31
14:00:12.609 | 00 01 02 03 04 05 06 07 08 09 0a 0b 0c  |  -31
14:00:12.844 | 00 01 02 03 04 05 06 07 08 09 0a 0b 0c  |  -31
14:00:13.091 | 00 01 02 03 04 05 06 07 08 09 0a 0b 0c  |  -31
14:00:13.327 | 00 01 02 03 04 05 06 07 08 09 0a 0b 0c  |  -31
14:00:13.563 | 00 01 02 03 04 05 06 07 08 09 0a 0b 0c  |  -32
14:00:13.791 | 00 01 02 03 04 05 06 07 08 09 0a 0b 0c  |  -32
14:00:14.027 | 00 01 02 03 04 05 06 07 08 09 0a 0b 0c  |  -32
14:00:14.247 | 00 01 02 03 04 05 06 07 08 09 0a 0b 0c  |  -32
14:00:14.482 | 00 01 02 03 04 05 06 07 08 09 0a 0b 0c  |  -32
14:00:14.720 | 00 01 02 03 04 05 06 07 08 09 0a 0b 0c  |  -32
14:00:14.939 | 00 01 02 03 04 05 06 07 08 09 0a 0b 0c  |  -32
14:00:15.190 | 00 01 02 03 04 05 06 07 08 09 0a 0b 0c  |  -32
14:00:15.426 | 00 01 02 03 04 05 06 07 08 09 0a 0b 0c  |  -32
14:00:15.679 | 00 01 02 03 04 05 06 07 08 09 0a 0b 0c  |  -32
14:00:15.899 | 00 01 02 03 04 05 06 07 08 09 0a 0b 0c  |  -32
14:00:16.135 | 00 01 02 03 04 05 06 07 08 09 0a 0b 0c  |  -31
14:00:16.342 | 00 01 02 03 04 05 06 07 08 09 0a 0b 0c  |  -31
14:00:16.592 | 00 01 02 03 04 05 06 07 08 09 0a 0b 0c  |  -31
14:00:16.844 | 00 01 02 03 04 05 06 07 08 09 0a 0b 0c  |  -32
14:00:17.064 | 00 01 02 03 04 05 06 07 08 09 0a 0b 0c  |  -32
14:00:17.285 | 00 01 02 03 04 05 06 07 08 09 0a 0b 0c  |  -31
14:00:17.520 | 00 01 02 03 04 05 06 07 08 09 0a 0b 0c  |  -31
14:00:17.771 | 00 01 02 03 04 05 06 07 08 09 0a 0b 0c  |  -31
14:00:18.015 | 00 01 02 03 04 05 06 07 08 09 0a 0b 0c  |  -31
14:00:18.259 | 00 01 02 03 04 05 06 07 08 09 0a 0b 0c  |  -31
14:00:18.482 | 00 01 02 03 04 05 06 07 08 09 0a 0b 0c  |  -31
14:00:18.715 | 00 01 02 03 04 05 06 07 08 09 0a 0b 0c  |  -31
14:00:18.951 | 00 01 02 03 04 05 06 07 08 09 0a 0b 0c  |  -31
14:00:19.183 | 00 01 02 03 04 05 06 07 08 09 0a 0b 0c  |  -31
14:00:19.412 | 00 01 02 03 04 05 06 07 08 09 0a 0b 0c  |  -31
14:00:19.648 | 00 01 02 03 04 05 06 07 08 09 0a 0b 0c  |  -32
14:00:19.886 | 00 01 02 03 04 05 06 07 08 09 0a 0b 0c  |  -32
14:00:20.104 | 00 01 02 03 04 05 06 07 08 09 0a 0b 0c  |  -32
14:00:20.341 | 00 01 02 03 04 05 06 07 08 09 0a 0b 0c  |  -31
14:00:20.587 | 00 01 02 03 04 05 06 07 08 09 0a 0b 0c  |  -32
14:00:20.800 | 00 01 02 03 04 05 06 07 08 09 0a 0b 0c  |  -32
14:00:21.050 | 00 01 02 03 04 05 06 07 08 09 0a 0b 0c  |  -32
14:00:21.270 | 00 01 02 03 04 05 06 07 08 09 0a 0b 0c  |  -32
14:00:21.506 | 00 01 02 03 04 05 06 07 08 09 0a 0b 0c  |  -32
14:00:21.742 | 00 01 02 03 04 05 06 07 08 09 0a 0b 0c  |  -32
14:00:21.974 | 00 01 02 03 04 05 06 07 08 09 0a 0b 0c  |  -32
14:00:22.210 | 00 01 02 03 04 05 06 07 08 09 0a 0b 0c  |  -32
14:00:22.446 | 00 01 02 03 04 05 06 07 08 09 0a 0b 0c  |  -32
14:00:22.681 | 00 01 02 03 04 05 06 07 08 09 0a 0b 0c  |  -32
14:00:22.918 | 00 01 02 03 04 05 06 07 08 09 0a 0b 0c  |  -32
14:00:23.139 | 00 01 02 03 04 05 06 07 08 09 0a 0b 0c  |  -32
14:00:23.401 | 00 01 02 03 04 05 06 07 08 09 0a 0b 0c  |  -32
14:00:23.627 | 00 01 02 03 04 05 06 07 08 09 0a 0b 0c  |  -32
14:00:23.863 | 00 01 02 03 04 05 06 07 08 09 0a 0b 0c  |  -32
14:00:24.100 | 00 01 02 03 04 05 06 07 08 09 0a 0b 0c  |  -32
14:00:24.336 | 00 01 02 03 04 05 06 07 08 09 0a 0b 0c  |  -31
14:00:24.587 | 00 01 02 03 04 05 06 07 08 09 0a 0b 0c  |  -31
14:00:24.823 | 00 01 02 03 04 05 06 07 08 09 0a 0b 0c  |  -31
14:00:25.058 | 00 01 02 03 04 05 06 07 08 09 0a 0b 0c  |  -31
14:00:25.310 | 00 01 02 03 04 05 06 07 08 09 0a 0b 0c  |  -31
14:00:25.547 | 00 01 02 03 04 05 06 07 08 09 0a 0b 0c  |  -31
14:00:25.808 | 00 01 02 03 04 05 06 07 08 09 0a 0b 0c  |  -31
14:00:26.036 | 00 01 02 03 04 05 06 07 08 09 0a 0b 0c  |  -31
14:00:26.256 | 00 01 02 03 04 05 06 07 08 09 0a 0b 0c  |  -31
14:00:26.498 | 00 01 02 03 04 05 06 07 08 09 0a 0b 0c  |  -31
14:00:26.730 | 00 01 02 03 04 05 06 07 08 09 0a 0b 0c  |  -31
14:00:26.945 | 00 01 02 03 04 05 06 07 08 09 0a 0b 0c  |  -31
14:00:27.158 | 00 01 02 03 04 05 06 07 08 09 0a 0b 0c  |  -31
14:00:27.410 | 00 01 02 03 04 05 06 07 08 09 0a 0b 0c  |  -31
14:00:27.630 | 00 01 02 03 04 05 06 07 08 09 0a 0b 0c  |  -31
14:00:27.859 | 00 01 02 03 04 05 06 07 08 09 0a 0b 0c  |  -31
14:00:28.089 | 00 01 02 03 04 05 06 07 08 09 0a 0b 0c  |  -31
14:00:28.311 | 00 01 02 03 04 05 06 07 08 09 0a 0b 0c  |  -31
14:00:28.546 | 00 01 02 03 04 05 06 07 08 09 0a 0b 0c  |  -32
14:00:28.799 | 00 01 02 03 04 05 06 07 08 09 0a 0b 0c  |  -32
14:00:29.036 | 00 01 02 03 04 05 06 07 08 09 0a 0b 0c  |  -32
14:00:29.273 | 00 01 02 03 04 05 06 07 08 09 0a 0b 0c  |  -32
14:00:29.494 | 00 01 02 03 04 05 06 07 08 09 0a 0b 0c  |  -32
14:00:29.730 | 00 01 02 03 04 05 06 07 08 09 0a 0b 0c  |  -31
14:00:29.966 | 00 01 02 03 04 05 06 07 08 09 0a 0b 0c  |  -32
14:00:30.259 | 00 01 02 03 04 05 06 07 08 09 0a 0b 0c  |  -31
14:00:30.441 | 00 01 02 03 04 05 06 07 08 09 0a 0b 0c  |  -32
14:00:30.662 | 00 01 02 03 04 05 06 07 08 09 0a 0b 0c  |  -31
14:00:30.921 | 00 01 02 03 04 05 06 07 08 09 0a 0b 0c  |  -31
14:00:31.144 | 00 01 02 03 04 05 06 07 08 09 0a 0b 0c  |  -31
14:00:31.376 | 00 01 02 03 04 05 06 07 08 09 0a 0b 0c  |  -31
14:00:31.613 | 00 01 02 03 04 05 06 07 08 09 0a 0b 0c  |  -31
14:00:31.850 | 00 01 02 03 04 05 06 07 08 09 0a 0b 0c  |  -32
14:00:32.098 | 00 01 02 03 04 05 06 07 08 09 0a 0b 0c  |  -31
14:00:32.327 | 00 01 02 03 04 05 06 07 08 09 0a 0b 0c  |  -31
14:00:32.546 | 00 01 02 03 04 05 06 07 08 09 0a 0b 0c  |  -31
14:00:32.782 | 00 01 02 03 04 05 06 07 08 09 0a 0b 0c  |  -32
14:00:33.025 | 00 01 02 03 04 05 06 07 08 09 0a 0b 0c  |  -32
14:00:33.254 | 00 01 02 03 04 05 06 07 08 09 0a 0b 0c  |  -32
14:00:33.489 | 00 01 02 03 04 05 06 07 08 09 0a 0b 0c  |  -32
14:00:33.756 | 00 01 02 03 04 05 06 07 08 09 0a 0b 0c  |  -32
14:00:33.977 | 00 01 02 03 04 05 06 07 08 09 0a 0b 0c  |  -32
14:00:34.214 | 00 01 02 03 04 05 06 07 08 09 0a 0b 0c  |  -32
14:00:34.435 | 00 01 02 03 04 05 06 07 08 09 0a 0b 0c  |  -32
14:00:34.655 | 00 01 02 03 04 05 06 07 08 09 0a 0b 0c  |  -32
14:00:34.875 | 00 01 02 03 04 05 06 07 08 09 0a 0b 0c  |  -32
14:00:35.135 | 00 01 02 03 04 05 06 07 08 09 0a 0b 0c  |  -32
14:00:35.398 | 00 01 02 03 04 05 06 07 08 09 0a 0b 0c  |  -32
14:00:35.626 | 00 01 02 03 04 05 06 07 08 09 0a 0b 0c  |  -32
14:00:35.877 | 00 01 02 03 04 05 06 07 08 09 0a 0b 0c  |  -31
14:00:36.113 | 00 01 02 03 04 05 06 07 08 09 0a 0b 0c  |  -31
14:00:36.350 | 00 01 02 03 04 05 06 07 08 09 0a 0b 0c  |  -32
14:00:36.570 | 00 01 02 03 04 05 06 07 08 09 0a 0b 0c  |  -32
14:00:36.797 | 00 01 02 03 04 05 06 07 08 09 0a 0b 0c  |  -31
14:00:37.049 | 00 01 02 03 04 05 06 07 08 09 0a 0b 0c  |  -31
14:00:37.283 | 00 01 02 03 04 05 06 07 08 09 0a 0b 0c  |  -31
14:00:37.511 | 00 01 02 03 04 05 06 07 08 09 0a 0b 0c  |  -31
14:00:37.742 | 00 01 02 03 04 05 06 07 08 09 0a 0b 0c  |  -31
14:00:37.993 | 00 01 02 03 04 05 06 07 08 09 0a 0b 0c  |  -31
14:00:38.214 | 00 01 02 03 04 05 06 07 08 09 0a 0b 0c  |  -31
14:00:38.450 | 00 01 02 03 04 05 06 07 08 09 0a 0b 0c  |  -31
14:00:38.690 | 00 01 02 03 04 05 06 07 08 09 0a 0b 0c  |  -31
14:00:38.910 | 00 01 02 03 04 05 06 07 08 09 0a 0b 0c  |  -31
14:00:39.146 | 00 01 02 03 04 05 06 07 08 09 0a 0b 0c  |  -31
14:00:39.367 | 00 01 02 03 04 05 06 07 08 09 0a 0b 0c  |  -31
14:00:39.602 | 00 01 02 03 04 05 06 07 08 09 0a 0b 0c  |  -31
14:00:39.842 | 00 01 02 03 04 05 06 07 08 09 0a 0b 0c  |  -31
14:00:40.087 | 00 01 02 03 04 05 06 07 08 09 0a 0b 0c  |  -31
14:00:40.319 | 00 01 02 03 04 05 06 07 08 09 0a 0b 0c  |  -31
14:00:40.543 | 00 01 02 03 04 05 06 07 08 09 0a 0b 0c  |  -31
14:00:40.770 | 00 01 02 03 04 05 06 07 08 09 0a 0b 0c  |  -31
14:00:40.999 | 00 01 02 03 04 05 06 07 08 09 0a 0b 0c  |  -31
14:00:41.251 | 00 01 02 03 04 05 06 07 08 09 0a 0b 0c  |  -31
14:00:41.490 | 00 01 02 03 04 05 06 07 08 09 0a 0b 0c  |  -31
14:00:41.741 | 00 01 02 03 04 05 06 07 08 09 0a 0b 0c  |  -31
14:00:41.980 | 00 01 02 03 04 05 06 07 08 09 0a 0b 0c  |  -31
14:00:42.199 | 00 01 02 03 04 05 06 07 08 09 0a 0b 0c  |  -31
14:00:42.434 | 00 01 02 03 04 05 06 07 08 09 0a 0b 0c  |  -32
14:00:42.671 | 00 01 02 03 04 05 06 07 08 09 0a 0b 0c  |  -31
14:00:42.898 | 00 01 02 03 04 05 06 07 08 09 0a 0b 0c  |  -32
14:00:43.134 | 00 01 02 03 04 05 06 07 08 09 0a 0b 0c  |  -32
14:00:43.369 | 00 01 02 03 04 05 06 07 08 09 0a 0b 0c  |  -32
14:00:43.578 | 00 01 02 03 04 05 06 07 08 09 0a 0b 0c  |  -32
14:00:43.814 | 00 01 02 03 04 05 06 07 08 09 0a 0b 0c  |  -32
14:00:44.055 | 00 01 02 03 04 05 06 07 08 09 0a 0b 0c  |  -32
14:00:44.287 | 00 01 02 03 04 05 06 07 08 09 0a 0b 0c  |  -32
14:00:44.538 | 00 01 02 03 04 05 06 07 08 09 0a 0b 0c  |  -32
14:00:44.766 | 00 01 02 03 04 05 06 07 08 09 0a 0b 0c  |  -31
14:00:44.980 | 00 01 02 03 04 05 06 07 08 09 0a 0b 0c  |  -31
14:00:45.219 | 00 01 02 03 04 05 06 07 08 09 0a 0b 0c  |  -31
14:00:45.438 | 00 01 02 03 04 05 06 07 08 09 0a 0b 0c  |  -32
14:00:45.675 | 00 01 02 03 04 05 06 07 08 09 0a 0b 0c  |  -32
14:00:45.902 | 00 01 02 03 04 05 06 07 08 09 0a 0b 0c  |  -31
14:00:46.131 | 00 01 02 03 04 05 06 07 08 09 0a 0b 0c  |  -31
14:00:46.367 | 00 01 02 03 04 05 06 07 08 09 0a 0b 0c  |  -31
14:00:46.604 | 00 01 02 03 04 05 06 07 08 09 0a 0b 0c  |  -31
14:00:46.825 | 00 01 02 03 04 05 06 07 08 09 0a 0b 0c  |  -31
14:00:47.061 | 00 01 02 03 04 05 06 07 08 09 0a 0b 0c  |  -31
14:00:47.302 | 00 01 02 03 04 05 06 07 08 09 0a 0b 0c  |  -31
14:00:47.535 | 00 01 02 03 04 05 06 07 08 09 0a 0b 0c  |  -31
14:00:47.763 | 00 01 02 03 04 05 06 07 08 09 0a 0b 0c  |  -31
14:00:47.991 | 00 01 02 03 04 05 06 07 08 09 0a 0b 0c  |  -31
14:00:48.259 | 00 01 02 03 04 05 06 07 08 09 0a 0b 0c  |  -31
14:00:48.504 | 00 01 02 03 04 05 06 07 08 09 0a 0b 0c  |  -31
14:00:48.732 | 00 01 02 03 04 05 06 07 08 09 0a 0b 0c  |  -31
14:00:48.969 | 00 01 02 03 04 05 06 07 08 09 0a 0b 0c  |  -31
14:00:49.205 | 00 01 02 03 04 05 06 07 08 09 0a 0b 0c  |  -31
14:00:49.442 | 00 01 02 03 04 05 06 07 08 09 0a 0b 0c  |  -31
14:00:49.678 | 00 01 02 03 04 05 06 07 08 09 0a 0b 0c  |  -31
14:00:49.930 | 00 01 02 03 04 05 06 07 08 09 0a 0b 0c  |  -31
14:00:50.157 | 00 01 02 03 04 05 06 07 08 09 0a 0b 0c  |  -31
14:00:50.394 | 00 01 02 03 04 05 06 07 08 09 0a 0b 0c  |  -31
14:00:50.626 | 00 01 02 03 04 05 06 07 08 09 0a 0b 0c  |  -31
14:00:50.877 | 00 01 02 03 04 05 06 07 08 09 0a 0b 0c  |  -31
14:00:51.113 | 00 01 02 03 04 05 06 07 08 09 0a 0b 0c  |  -31
14:00:51.361 | 00 01 02 03 04 05 06 07 08 09 0a 0b 0c  |  -31
14:00:51.583 | 00 01 02 03 04 05 06 07 08 09 0a 0b 0c  |  -31
14:00:51.818 | 00 01 02 03 04 05 06 07 08 09 0a 0b 0c  |  -31
14:00:52.069 | 00 01 02 03 04 05 06 07 08 09 0a 0b 0c  |  -31
14:00:52.306 | 00 01 02 03 04 05 06 07 08 09 0a 0b 0c  |  -31
14:00:52.554 | 00 01 02 03 04 05 06 07 08 09 0a 0b 0c  |  -31
14:00:52.782 | 00 01 02 03 04 05 06 07 08 09 0a 0b 0c  |  -31
14:00:53.012 | 00 01 02 03 04 05 06 07 08 09 0a 0b 0c  |  -30
14:00:53.233 | 00 01 02 03 04 05 06 07 08 09 0a 0b 0c  |  -31
14:00:53.485 | 00 01 02 03 04 05 06 07 08 09 0a 0b 0c  |  -31
14:00:53.736 | 00 01 02 03 04 05 06 07 08 09 0a 0b 0c  |  -30
14:00:53.978 | 00 01 02 03 04 05 06 07 08 09 0a 0b 0c  |  -30
14:00:54.208 | 00 01 02 03 04 05 06 07 08 09 0a 0b 0c  |  -30
14:00:54.444 | 00 01 02 03 04 05 06 07 08 09 0a 0b 0c  |  -30
14:00:54.671 | 00 01 02 03 04 05 06 07 08 09 0a 0b 0c  |  -30
14:00:54.892 | 00 01 02 03 04 05 06 07 08 09 0a 0b 0c  |  -30
14:00:55.123 | 00 01 02 03 04 05 06 07 08 09 0a 0b 0c  |  -30
14:00:55.342 | 00 01 02 03 04 05 06 07 08 09 0a 0b 0c  |  -31
14:00:55.580 | 00 01 02 03 04 05 06 07 08 09 0a 0b 0c  |  -31
14:00:55.831 | 00 01 02 03 04 05 06 07 08 09 0a 0b 0c  |  -30
14:00:56.050 | 00 01 02 03 04 05 06 07 08 09 0a 0b 0c  |  -30
14:00:56.312 | 00 01 02 03 04 05 06 07 08 09 0a 0b 0c  |  -30
14:00:56.519 | 00 01 02 03 04 05 06 07 08 09 0a 0b 0c  |  -31
14:00:56.755 | 00 01 02 03 04 05 06 07 08 09 0a 0b 0c  |  -30
14:00:57.006 | 00 01 02 03 04 05 06 07 08 09 0a 0b 0c  |  -30
14:00:57.217 | 00 01 02 03 04 05 06 07 08 09 0a 0b 0c  |  -30
14:00:57.417 | 00 01 02 03 04 05 06 07 08 09 0a 0b 0c  |  -30
14:00:57.637 | 00 01 02 03 04 05 06 07 08 09 0a 0b 0c  |  -30
14:00:57.857 | 00 01 02 03 04 05 06 07 08 09 0a 0b 0c  |  -30
14:00:58.077 | 00 01 02 03 04 05 06 07 08 09 0a 0b 0c  |  -30
14:00:58.336 | 00 01 02 03 04 05 06 07 08 09 0a 0b 0c  |  -30
14:00:58.504 | 00 01 02 03 04 05 06 07 08 09 0a 0b 0c  |  -30
14:00:58.716 | 00 01 02 03 04 05 06 07 08 09 0a 0b 0c  |  -30
14:00:58.920 | 00 01 02 03 04 05 06 07 08 09 0a 0b 0c  |  -30
14:00:59.140 | 00 01 02 03 04 05 06 07 08 09 0a 0b 0c  |  -30
14:00:59.360 | 00 01 02 03 04 05 06 07 08 09 0a 0b 0c  |  -30
14:00:59.565 | 00 01 02 03 04 05 06 07 08 09 0a 0b 0c  |  -30
14:00:59.785 | 00 01 02 03 04 05 06 07 08 09 0a 0b 0c  |  -30
14:00:59.991 | 00 01 02 03 04 05 06 07 08 09 0a 0b 0c  |  -31
14:01:00.223 | 00 01 02 03 04 05 06 07 08 09 0a 0b 0c  |  -31
14:01:00.459 | 00 01 02 03 04 05 06 07 08 09 0a 0b 0c  |  -31
14:01:00.679 | 00 01 02 03 04 05 06 07 08 09 0a 0b 0c  |  -31
14:01:00.914 | 00 01 02 03 04 05 06 07 08 09 0a 0b 0c  |  -31
14:01:01.166 | 00 01 02 03 04 05 06 07 08 09 0a 0b 0c  |  -31
14:01:01.393 | 00 01 02 03 04 05 06 07 08 09 0a 0b 0c  |  -31
14:01:01.638 | 00 01 02 03 04 05 06 07 08 09 0a 0b 0c  |  -31
14:01:01.874 | 00 01 02 03 04 05 06 07 08 09 0a 0b 0c  |  -31
14:01:02.126 | 00 01 02 03 04 05 06 07 08 09 0a 0b 0c  |  -31
14:01:02.362 | 00 01 02 03 04 05 06 07 08 09 0a 0b 0c  |  -31
14:01:02.598 | 00 01 02 03 04 05 06 07 08 09 0a 0b 0c  |  -31
14:01:02.818 | 00 01 02 03 04 05 06 07 08 09 0a 0b 0c  |  -31
14:01:03.054 | 00 01 02 03 04 05 06 07 08 09 0a 0b 0c  |  -31
14:01:03.305 | 00 01 02 03 04 05 06 07 08 09 0a 0b 0c  |  -31
14:01:03.547 | 00 01 02 03 04 05 06 07 08 09 0a 0b 0c  |  -31
14:01:03.794 | 00 01 02 03 04 05 06 07 08 09 0a 0b 0c  |  -31
14:01:04.029 | 00 01 02 03 04 05 06 07 08 09 0a 0b 0c  |  -31
14:01:04.254 | 00 01 02 03 04 05 06 07 08 09 0a 0b 0c  |  -31
14:01:04.473 | 00 01 02 03 04 05 06 07 08 09 0a 0b 0c  |  -30
14:01:04.699 | 00 01 02 03 04 05 06 07 08 09 0a 0b 0c  |  -31
14:01:04.925 | 00 01 02 03 04 05 06 07 08 09 0a 0b 0c  |  -31
14:01:05.149 | 00 01 02 03 04 05 06 07 08 09 0a 0b 0c  |  -31
14:01:05.385 | 00 01 02 03 04 05 06 07 08 09 0a 0b 0c  |  -31
14:01:05.621 | 00 01 02 03 04 05 06 07 08 09 0a 0b 0c  |  -31
14:01:05.858 | 00 01 02 03 04 05 06 07 08 09 0a 0b 0c  |  -31
14:01:06.094 | 00 01 02 03 04 05 06 07 08 09 0a 0b 0c  |  -31
14:01:06.338 | 00 01 02 03 04 05 06 07 08 09 0a 0b 0c  |  -31
14:01:06.602 | 00 01 02 03 04 05 06 07 08 09 0a 0b 0c  |  -31
14:01:06.826 | 00 01 02 03 04 05 06 07 08 09 0a 0b 0c  |  -31
14:01:07.047 | 00 01 02 03 04 05 06 07 08 09 0a 0b 0c  |  -31
14:01:07.297 | 00 01 02 03 04 05 06 07 08 09 0a 0b 0c  |  -31
14:01:07.521 | 00 01 02 03 04 05 06 07 08 09 0a 0b 0c  |  -31
14:01:07.758 | 00 01 02 03 04 05 06 07 08 09 0a 0b 0c  |  -31
14:01:08.009 | 00 01 02 03 04 05 06 07 08 09 0a 0b 0c  |  -31
14:01:08.245 | 00 01 02 03 04 05 06 07 08 09 0a 0b 0c  |  -32
14:01:08.465 | 00 01 02 03 04 05 06 07 08 09 0a 0b 0c  |  -32
14:01:08.706 | 00 01 02 03 04 05 06 07 08 09 0a 0b 0c  |  -32
14:01:08.937 | 00 01 02 03 04 05 06 07 08 09 0a 0b 0c  |  -32
14:01:09.158 | 00 01 02 03 04 05 06 07 08 09 0a 0b 0c  |  -32
14:01:09.378 | 00 01 02 03 04 05 06 07 08 09 0a 0b 0c  |  -31
14:01:09.622 | 00 01 02 03 04 05 06 07 08 09 0a 0b 0c  |  -31
14:01:09.850 | 00 01 02 03 04 05 06 07 08 09 0a 0b 0c  |  -31
14:01:10.071 | 00 01 02 03 04 05 06 07 08 09 0a 0b 0c  |  -31
14:01:10.324 | 00 01 02 03 04 05 06 07 08 09 0a 0b 0c  |  -31
14:01:10.544 | 00 01 02 03 04 05 06 07 08 09 0a 0b 0c  |  -32
14:01:10.780 | 00 01 02 03 04 05 06 07 08 09 0a 0b 0c  |  -32
14:01:11.006 | 00 01 02 03 04 05 06 07 08 09 0a 0b 0c  |  -31
14:01:11.237 | 00 01 02 03 04 05 06 07 08 09 0a 0b 0c  |  -31
14:01:11.475 | 00 01 02 03 04 05 06 07 08 09 0a 0b 0c  |  -31
14:01:11.696 | 00 01 02 03 04 05 06 07 08 09 0a 0b 0c  |  -31
14:01:11.918 | 00 01 02 03 04 05 06 07 08 09 0a 0b 0c  |  -30
14:01:12.148 | 00 01 02 03 04 05 06 07 08 09 0a 0b 0c  |  -30
14:01:12.384 | 00 01 02 03 04 05 06 07 08 09 0a 0b 0c  |  -31
14:01:12.621 | 00 01 02 03 04 05 06 07 08 09 0a 0b 0c  |  -30
14:01:12.842 | 00 01 02 03 04 05 06 07 08 09 0a 0b 0c  |  -30
14:01:13.081 | 00 01 02 03 04 05 06 07 08 09 0a 0b 0c  |  -30
14:01:13.319 | 00 01 02 03 04 05 06 07 08 09 0a 0b 0c  |  -31
14:01:13.538 | 00 01 02 03 04 05 06 07 08 09 0a 0b 0c  |  -31
14:01:13.758 | 00 01 02 03 04 05 06 07 08 09 0a 0b 0c  |  -31
14:01:13.980 | 00 01 02 03 04 05 06 07 08 09 0a 0b 0c  |  -30
14:01:14.221 | 00 01 02 03 04 05 06 07 08 09 0a 0b 0c  |  -30
14:01:14.437 | 00 01 02 03 04 05 06 07 08 09 0a 0b 0c  |  -31
14:01:14.676 | 00 01 02 03 04 05 06 07 08 09 0a 0b 0c  |  -31
14:01:14.913 | 00 01 02 03 04 05 06 07 08 09 0a 0b 0c  |  -31
14:01:15.152 | 00 01 02 03 04 05 06 07 08 09 0a 0b 0c  |  -31
14:01:15.385 | 00 01 02 03 04 05 06 07 08 09 0a 0b 0c  |  -31
14:01:15.633 | 00 01 02 03 04 05 06 07 08 09 0a 0b 0c  |  -31
14:01:15.854 | 00 01 02 03 04 05 06 07 08 09 0a 0b 0c  |  -30
14:01:16.090 | 00 01 02 03 04 05 06 07 08 09 0a 0b 0c  |  -30
14:01:16.326 | 00 01 02 03 04 05 06 07 08 09 0a 0b 0c  |  -31
14:01:16.563 | 00 01 02 03 04 05 06 07 08 09 0a 0b 0c  |  -32
14:01:16.798 | 00 01 02 03 04 05 06 07 08 09 0a 0b 0c  |  -31
14:01:17.034 | 00 01 02 03 04 05 06 07 08 09 0a 0b 0c  |  -32
14:01:17.254 | 00 01 02 03 04 05 06 07 08 09 0a 0b 0c  |  -30
14:01:17.516 | 00 01 02 03 04 05 06 07 08 09 0a 0b 0c  |  -31
14:01:17.758 | 00 01 02 03 04 05 06 07 08 09 0a 0b 0c  |  -31
14:01:18.010 | 00 01 02 03 04 05 06 07 08 09 0a 0b 0c  |  -32
14:01:18.247 | 00 01 02 03 04 05 06 07 08 09 0a 0b 0c  |  -31
14:01:18.483 | 00 01 02 03 04 05 06 07 08 09 0a 0b 0c  |  -32
14:01:18.735 | 00 01 02 03 04 05 06 07 08 09 0a 0b 0c  |  -32
14:01:18.956 | 00 01 02 03 04 05 06 07 08 09 0a 0b 0c  |  -32
14:01:19.201 | 00 01 02 03 04 05 06 07 08 09 0a 0b 0c  |  -32
14:01:19.421 | 00 01 02 03 04 05 06 07 08 09 0a 0b 0c  |  -32
14:01:19.657 | 00 01 02 03 04 05 06 07 08 09 0a 0b 0c  |  -32
14:01:19.877 | 00 01 02 03 04 05 06 07 08 09 0a 0b 0c  |  -32
14:01:20.108 | 00 01 02 03 04 05 06 07 08 09 0a 0b 0c  |  -32
14:01:20.345 | 00 01 02 03 04 05 06 07 08 09 0a 0b 0c  |  -31
14:01:20.582 | 00 01 02 03 04 05 06 07 08 09 0a 0b 0c  |  -31
14:01:20.818 | 00 01 02 03 04 05 06 07 08 09 0a 0b 0c  |  -31
14:01:21.054 | 00 01 02 03 04 05 06 07 08 09 0a 0b 0c  |  -31
14:01:21.321 | 00 01 02 03 04 05 06 07 08 09 0a 0b 0c  |  -31
14:01:21.541 | 00 01 02 03 04 05 06 07 08 09 0a 0b 0c  |  -31
14:01:21.764 | 00 01 02 03 04 05 06 07 08 09 0a 0b 0c  |  -31
14:01:22.015 | 00 01 02 03 04 05 06 07 08 09 0a 0b 0c  |  -30
14:01:22.260 | 00 01 02 03 04 05 06 07 08 09 0a 0b 0c  |  -30
14:01:22.479 | 00 01 02 03 04 05 06 07 08 09 0a 0b 0c  |  -30
14:01:22.717 | 00 01 02 03 04 05 06 07 08 09 0a 0b 0c  |  -31
14:01:22.955 | 00 01 02 03 04 05 06 07 08 09 0a 0b 0c  |  -31
14:01:23.173 | 00 01 02 03 04 05 06 07 08 09 0a 0b 0c  |  -31
14:01:23.409 | 00 01 02 03 04 05 06 07 08 09 0a 0b 0c  |  -31
14:01:23.647 | 00 01 02 03 04 05 06 07 08 09 0a 0b 0c  |  -31
14:01:23.889 | 00 01 02 03 04 05 06 07 08 09 0a 0b 0c  |  -31
14:01:24.139 | 00 01 02 03 04 05 06 07 08 09 0a 0b 0c  |  -31
14:01:24.371 | 00 01 02 03 04 05 06 07 08 09 0a 0b 0c  |  -31
14:01:24.607 | 00 01 02 03 04 05 06 07 08 09 0a 0b 0c  |  -31
14:01:24.844 | 00 01 02 03 04 05 06 07 08 09 0a 0b 0c  |  -31
14:01:25.064 | 00 01 02 03 04 05 06 07 08 09 0a 0b 0c  |  -31
14:01:25.300 | 00 01 02 03 04 05 06 07 08 09 0a 0b 0c  |  -31
14:01:25.533 | 00 01 02 03 04 05 06 07 08 09 0a 0b 0c  |  -31
14:01:25.756 | 00 01 02 03 04 05 06 07 08 09 0a 0b 0c  |  -31
14:01:26.009 | 00 01 02 03 04 05 06 07 08 09 0a 0b 0c  |  -31
14:01:26.324 | 00 01 02 03 04 05 06 07 08 09 0a 0b 0c  |  -31
14:01:26.483 | 00 01 02 03 04 05 06 07 08 09 0a 0b 0c  |  -31
14:01:26.703 | 00 01 02 03 04 05 06 07 08 09 0a 0b 0c  |  -31
14:01:26.924 | 00 01 02 03 04 05 06 07 08 09 0a 0b 0c  |  -31
14:01:27.146 | 00 01 02 03 04 05 06 07 08 09 0a 0b 0c  |  -31
14:01:27.365 | 00 01 02 03 04 05 06 07 08 09 0a 0b 0c  |  -31
14:01:27.601 | 00 01 02 03 04 05 06 07 08 09 0a 0b 0c  |  -31
14:01:27.837 | 00 01 02 03 04 05 06 07 08 09 0a 0b 0c  |  -31
14:01:28.058 | 00 01 02 03 04 05 06 07 08 09 0a 0b 0c  |  -31
14:01:28.294 | 00 01 02 03 04 05 06 07 08 09 0a 0b 0c  |  -31
14:01:28.535 | 00 01 02 03 04 05 06 07 08 09 0a 0b 0c  |  -31
14:01:28.767 | 00 01 02 03 04 05 06 07 08 09 0a 0b 0c  |  -31
14:01:28.987 | 00 01 02 03 04 05 06 07 08 09 0a 0b 0c  |  -31
14:01:29.222 | 00 01 02 03 04 05 06 07 08 09 0a 0b 0c  |  -31
14:01:29.451 | 00 01 02 03 04 05 06 07 08 09 0a 0b 0c  |  -31
14:01:29.688 | 00 01 02 03 04 05 06 07 08 09 0a 0b 0c  |  -31
14:01:29.923 | 00 01 02 03 04 05 06 07 08 09 0a 0b 0c  |  -31
14:01:30.163 | 00 01 02 03 04 05 06 07 08 09 0a 0b 0c  |  -31
14:01:30.413 | 00 01 02 03 04 05 06 07 08 09 0a 0b 0c  |  -31
14:01:30.654 | 00 01 02 03 04 05 06 07 08 09 0a 0b 0c  |  -32
14:01:30.884 | 00 01 02 03 04 05 06 07 08 09 0a 0b 0c  |  -32
14:01:31.120 | 00 01 02 03 04 05 06 07 08 09 0a 0b 0c  |  -31
14:01:31.371 | 00 01 02 03 04 05 06 07 08 09 0a 0b 0c  |  -32
14:01:31.602 | 00 01 02 03 04 05 06 07 08 09 0a 0b 0c  |  -32
14:01:31.839 | 00 01 02 03 04 05 06 07 08 09 0a 0b 0c  |  -32
14:01:32.059 | 00 01 02 03 04 05 06 07 08 09 0a 0b 0c  |  -31
14:01:32.279 | 00 01 02 03 04 05 06 07 08 09 0a 0b 0c  |  -32
14:01:32.500 | 00 01 02 03 04 05 06 07 08 09 0a 0b 0c  |  -31
14:01:32.738 | 00 01 02 03 04 05 06 07 08 09 0a 0b 0c  |  -32
14:01:32.958 | 00 01 02 03 04 05 06 07 08 09 0a 0b 0c  |  -31
14:01:33.200 | 00 01 02 03 04 05 06 07 08 09 0a 0b 0c  |  -32
14:01:33.438 | 00 01 02 03 04 05 06 07 08 09 0a 0b 0c  |  -31
14:01:33.696 | 00 01 02 03 04 05 06 07 08 09 0a 0b 0c  |  -31
14:01:33.931 | 00 01 02 03 04 05 06 07 08 09 0a 0b 0c  |  -33
14:01:34.147 | 00 01 02 03 04 05 06 07 08 09 0a 0b 0c  |  -32
14:01:34.407 | 00 01 02 03 04 05 06 07 08 09 0a 0b 0c  |  -32
14:01:34.642 | 00 01 02 03 04 05 06 07 08 09 0a 0b 0c  |  -32
14:01:34.879 | 00 01 02 03 04 05 06 07 08 09 0a 0b 0c  |  -32
14:01:35.132 | 00 01 02 03 04 05 06 07 08 09 0a 0b 0c  |  -32
14:01:35.353 | 00 01 02 03 04 05 06 07 08 09 0a 0b 0c  |  -32
14:01:35.590 | 00 01 02 03 04 05 06 07 08 09 0a 0b 0c  |  -32
14:01:35.822 | 00 01 02 03 04 05 06 07 08 09 0a 0b 0c  |  -32
14:01:36.059 | 00 01 02 03 04 05 06 07 08 09 0a 0b 0c  |  -32
14:01:36.295 | 00 01 02 03 04 05 06 07 08 09 0a 0b 0c  |  -33
14:01:36.545 | 00 01 02 03 04 05 06 07 08 09 0a 0b 0c  |  -32
14:01:36.780 | 00 01 02 03 04 05 06 07 08 09 0a 0b 0c  |  -33
14:01:37.003 | 00 01 02 03 04 05 06 07 08 09 0a 0b 0c  |  -33
14:01:37.224 | 00 01 02 03 04 05 06 07 08 09 0a 0b 0c  |  -32
14:01:37.465 | 00 01 02 03 04 05 06 07 08 09 0a 0b 0c  |  -32
14:01:37.696 | 00 01 02 03 04 05 06 07 08 09 0a 0b 0c  |  -33
14:01:37.933 | 00 01 02 03 04 05 06 07 08 09 0a 0b 0c  |  -33
14:01:38.169 | 00 01 02 03 04 05 06 07 08 09 0a 0b 0c  |  -33
14:01:38.389 | 00 01 02 03 04 05 06 07 08 09 0a 0b 0c  |  -33
14:01:38.610 | 00 01 02 03 04 05 06 07 08 09 0a 0b 0c  |  -32
14:01:38.848 | 00 01 02 03 04 05 06 07 08 09 0a 0b 0c  |  -32
14:01:39.087 | 00 01 02 03 04 05 06 07 08 09 0a 0b 0c  |  -32
14:01:39.292 | 00 01 02 03 04 05 06 07 08 09 0a 0b 0c  |  -32
14:01:39.524 | 00 01 02 03 04 05 06 07 08 09 0a 0b 0c  |  -32
14:01:39.759 | 00 01 02 03 04 05 06 07 08 09 0a 0b 0c  |  -32
14:01:39.995 | 00 01 02 03 04 05 06 07 08 09 0a 0b 0c  |  -32
14:01:40.231 | 00 01 02 03 04 05 06 07 08 09 0a 0b 0c  |  -33
14:01:40.451 | 00 01 02 03 04 05 06 07 08 09 0a 0b 0c  |  -33
14:01:40.687 | 00 01 02 03 04 05 06 07 08 09 0a 0b 0c  |  -33
14:01:40.907 | 00 01 02 03 04 05 06 07 08 09 0a 0b 0c  |  -32
14:01:41.158 | 00 01 02 03 04 05 06 07 08 09 0a 0b 0c  |  -32
14:01:41.379 | 00 01 02 03 04 05 06 07 08 09 0a 0b 0c  |  -32
14:01:41.630 | 00 01 02 03 04 05 06 07 08 09 0a 0b 0c  |  -32
14:01:41.851 | 00 01 02 03 04 05 06 07 08 09 0a 0b 0c  |  -32
14:01:42.103 | 00 01 02 03 04 05 06 07 08 09 0a 0b 0c  |  -32
14:01:42.320 | 00 01 02 03 04 05 06 07 08 09 0a 0b 0c  |  -32
14:01:42.544 | 00 01 02 03 04 05 06 07 08 09 0a 0b 0c  |  -32
14:01:42.775 | 00 01 02 03 04 05 06 07 08 09 0a 0b 0c  |  -32
14:01:43.008 | 00 01 02 03 04 05 06 07 08 09 0a 0b 0c  |  -32
14:01:43.244 | 00 01 02 03 04 05 06 07 08 09 0a 0b 0c  |  -32
14:01:43.480 | 00 01 02 03 04 05 06 07 08 09 0a 0b 0c  |  -32
14:01:43.701 | 00 01 02 03 04 05 06 07 08 09 0a 0b 0c  |  -32
14:01:43.921 | 00 01 02 03 04 05 06 07 08 09 0a 0b 0c  |  -32
14:01:44.157 | 00 01 02 03 04 05 06 07 08 09 0a 0b 0c  |  -33
14:01:44.425 | 00 01 02 03 04 05 06 07 08 09 0a 0b 0c  |  -32
14:01:44.661 | 00 01 02 03 04 05 06 07 08 09 0a 0b 0c  |  -33
14:01:44.914 | 00 01 02 03 04 05 06 07 08 09 0a 0b 0c  |  -33
14:01:45.137 | 00 01 02 03 04 05 06 07 08 09 0a 0b 0c  |  -32
14:01:45.371 | 00 01 02 03 04 05 06 07 08 09 0a 0b 0c  |  -32
14:01:45.591 | 00 01 02 03 04 05 06 07 08 09 0a 0b 0c  |  -32
14:01:45.816 | 00 01 02 03 04 05 06 07 08 09 0a 0b 0c  |  -31
14:01:46.051 | 00 01 02 03 04 05 06 07 08 09 0a 0b 0c  |  -32
14:01:46.299 | 00 01 02 03 04 05 06 07 08 09 0a 0b 0c  |  -31
14:01:46.525 | 00 01 02 03 04 05 06 07 08 09 0a 0b 0c  |  -32
14:01:46.761 | 00 01 02 03 04 05 06 07 08 09 0a 0b 0c  |  -31
14:01:46.998 | 00 01 02 03 04 05 06 07 08 09 0a 0b 0c  |  -31
14:01:47.235 | 00 01 02 03 04 05 06 07 08 09 0a 0b 0c  |  -32
14:01:47.455 | 00 01 02 03 04 05 06 07 08 09 0a 0b 0c  |  -31
14:01:47.691 | 00 01 02 03 04 05 06 07 08 09 0a 0b 0c  |  -32
14:01:47.942 | 00 01 02 03 04 05 06 07 08 09 0a 0b 0c  |  -32
14:01:48.171 | 00 01 02 03 04 05 06 07 08 09 0a 0b 0c  |  -32
14:01:48.408 | 00 01 02 03 04 05 06 07 08 09 0a 0b 0c  |  -31
14:01:48.660 | 00 01 02 03 04 05 06 07 08 09 0a 0b 0c  |  -31
14:01:48.886 | 00 01 02 03 04 05 06 07 08 09 0a 0b 0c  |  -31
14:01:49.116 | 00 01 02 03 04 05 06 07 08 09 0a 0b 0c  |  -31
14:01:49.365 | 00 01 02 03 04 05 06 07 08 09 0a 0b 0c  |  -31
14:01:49.597 | 00 01 02 03 04 05 06 07 08 09 0a 0b 0c  |  -32
14:01:49.829 | 00 01 02 03 04 05 06 07 08 09 0a 0b 0c  |  -32
14:01:50.062 | 00 01 02 03 04 05 06 07 08 09 0a 0b 0c  |  -31
14:01:50.314 | 00 01 02 03 04 05 06 07 08 09 0a 0b 0c  |  -31
14:01:50.549 | 00 01 02 03 04 05 06 07 08 09 0a 0b 0c  |  -31
14:01:50.785 | 00 01 02 03 04 05 06 07 08 09 0a 0b 0c  |  -32
14:01:51.019 | 00 01 02 03 04 05 06 07 08 09 0a 0b 0c  |  -32
14:01:51.262 | 00 01 02 03 04 05 06 07 08 09 0a 0b 0c  |  -31
14:01:51.482 | 00 01 02 03 04 05 06 07 08 09 0a 0b 0c  |  -32
14:01:51.718 | 00 01 02 03 04 05 06 07 08 09 0a 0b 0c  |  -32
14:01:51.954 | 00 01 02 03 04 05 06 07 08 09 0a 0b 0c  |  -32
14:01:52.207 | 00 01 02 03 04 05 06 07 08 09 0a 0b 0c  |  -32
14:01:52.426 | 00 01 02 03 04 05 06 07 08 09 0a 0b 0c  |  -32
14:01:52.677 | 00 01 02 03 04 05 06 07 08 09 0a 0b 0c  |  -32
14:01:52.898 | 00 01 02 03 04 05 06 07 08 09 0a 0b 0c  |  -32
14:01:53.134 | 00 01 02 03 04 05 06 07 08 09 0a 0b 0c  |  -31
14:01:53.356 | 00 01 02 03 04 05 06 07 08 09 0a 0b 0c  |  -32
14:01:53.595 | 00 01 02 03 04 05 06 07 08 09 0a 0b 0c  |  -31
14:01:53.828 | 00 01 02 03 04 05 06 07 08 09 0a 0b 0c  |  -31
14:01:54.064 | 00 01 02 03 04 05 06 07 08 09 0a 0b 0c  |  -31
14:01:54.347 | 00 01 02 03 04 05 06 07 08 09 0a 0b 0c  |  -31
14:01:54.529 | 00 01 02 03 04 05 06 07 08 09 0a 0b 0c  |  -31
14:01:54.781 | 00 01 02 03 04 05 06 07 08 09 0a 0b 0c  |  -31
14:01:55.017 | 00 01 02 03 04 05 06 07 08 09 0a 0b 0c  |  -31
14:01:55.254 | 00 01 02 03 04 05 06 07 08 09 0a 0b 0c  |  -31
14:01:55.496 | 00 01 02 03 04 05 06 07 08 09 0a 0b 0c  |  -31
14:01:55.738 | 00 01 02 03 04 05 06 07 08 09 0a 0b 0c  |  -31
14:01:55.979 | 00 01 02 03 04 05 06 07 08 09 0a 0b 0c  |  -32
14:01:56.216 | 00 01 02 03 04 05 06 07 08 09 0a 0b 0c  |  -32
14:01:56.451 | 00 01 02 03 04 05 06 07 08 09 0a 0b 0c  |  -32
14:01:56.704 | 00 01 02 03 04 05 06 07 08 09 0a 0b 0c  |  -32
14:01:56.940 | 00 01 02 03 04 05 06 07 08 09 0a 0b 0c  |  -32
14:01:57.175 | 00 01 02 03 04 05 06 07 08 09 0a 0b 0c  |  -32
14:01:57.401 | 00 01 02 03 04 05 06 07 08 09 0a 0b 0c  |  -32
14:01:57.637 | 00 01 02 03 04 05 06 07 08 09 0a 0b 0c  |  -32
14:01:57.888 | 00 01 02 03 04 05 06 07 08 09 0a 0b 0c  |  -32
14:01:58.108 | 00 01 02 03 04 05 06 07 08 09 0a 0b 0c  |  -32
14:01:58.335 | 00 01 02 03 04 05 06 07 08 09 0a 0b 0c  |  -32
14:01:58.584 | 00 01 02 03 04 05 06 07 08 09 0a 0b 0c  |  -32
14:01:58.820 | 00 01 02 03 04 05 06 07 08 09 0a 0b 0c  |  -31
14:01:59.056 | 00 01 02 03 04 05 06 07 08 09 0a 0b 0c  |  -31
14:01:59.278 | 00 01 02 03 04 05 06 07 08 09 0a 0b 0c  |  -31
14:01:59.513 | 00 01 02 03 04 05 06 07 08 09 0a 0b 0c  |  -31
14:01:59.751 | 00 01 02 03 04 05 06 07 08 09 0a 0b 0c  |  -32
14:01:59.989 | 00 01 02 03 04 05 06 07 08 09 0a 0b 0c  |  -32
14:02:00.225 | 00 01 02 03 04 05 06 07 08 09 0a 0b 0c  |  -32
14:02:00.461 | 00 01 02 03 04 05 06 07 08 09 0a 0b 0c  |  -31
14:02:00.697 | 00 01 02 03 04 05 06 07 08 09 0a 0b 0c  |  -31
14:02:00.949 | 00 01 02 03 04 05 06 07 08 09 0a 0b 0c  |  -32
14:02:01.184 | 00 01 02 03 04 05 06 07 08 09 0a 0b 0c  |  -32
14:02:01.410 | 00 01 02 03 04 05 06 07 08 09 0a 0b 0c  |  -32
14:02:01.651 | 00 01 02 03 04 05 06 07 08 09 0a 0b 0c  |  -32
14:02:01.863 | 00 01 02 03 04 05 06 07 08 09 0a 0b 0c  |  -32
14:02:02.098 | 00 01 02 03 04 05 06 07 08 09 0a 0b 0c  |  -32
14:02:02.350 | 00 01 02 03 04 05 06 07 08 09 0a 0b 0c  |  -32
14:02:02.593 | 00 01 02 03 04 05 06 07 08 09 0a 0b 0c  |  -32
14:02:02.841 | 00 01 02 03 04 05 06 07 08 09 0a 0b 0c  |  -32
14:02:03.064 | 00 01 02 03 04 05 06 07 08 09 0a 0b 0c  |  -32
14:02:03.307 | 00 01 02 03 04 05 06 07 08 09 0a 0b 0c  |  -32
14:02:03.528 | 00 01 02 03 04 05 06 07 08 09 0a 0b 0c  |  -32
