14:11:01.368 | 00 01 02 03 04 05 06 07 08 09 0a 0b 0c  |  -42
14:11:01.604 | 00 01 02 03 04 05 06 07 08 09 0a 0b 0c  |  -42
14:11:01.871 | 00 01 02 03 04 05 06 07 08 09 0a 0b 0c  |  -42
14:11:02.123 | 00 01 02 03 04 05 06 07 08 09 0a 0b 0c  |  -42
14:11:02.365 | 00 01 02 03 04 05 06 07 08 09 0a 0b 0c  |  -42
14:11:02.611 | 00 01 02 03 04 05 06 07 08 09 0a 0b 0c  |  -42
14:11:02.866 | 00 01 02 03 04 05 06 07 08 09 0a 0b 0c  |  -42
14:11:03.099 | 00 01 02 03 04 05 06 07 08 09 0a 0b 0c  |  -42
14:11:03.351 | 00 01 02 03 04 05 06 07 08 09 0a 0b 0c  |  -42
14:11:03.586 | 00 01 02 03 04 05 06 07 08 09 0a 0b 0c  |  -42
14:11:03.822 | 00 01 02 03 04 05 06 07 08 09 0a 0b 0c  |  -42
14:11:04.074 | 00 01 02 03 04 05 06 07 08 09 0a 0b 0c  |  -42
14:11:04.296 | 00 01 02 03 04 05 06 07 08 09 0a 0b 0c  |  -44
14:11:04.515 | 00 01 02 03 04 05 06 07 08 09 0a 0b 0c  |  -45
14:11:04.750 | 00 01 02 03 04 05 06 07 08 09 0a 0b 0c  |  -44
14:11:04.979 | 00 01 02 03 04 05 06 07 08 09 0a 0b 0c  |  -44
14:11:05.215 | 00 01 02 03 04 05 06 07 08 09 0a 0b 0c  |  -44
14:11:05.452 | 00 01 02 03 04 05 06 07 08 09 0a 0b 0c  |  -44
14:11:05.673 | 00 01 02 03 04 05 06 07 08 09 0a 0b 0c  |  -44
14:11:05.917 | 00 01 02 03 04 05 06 07 08 09 0a 0b 0c  |  -44
14:11:06.162 | 00 01 02 03 04 05 06 07 08 09 0a 0b 0c  |  -44
14:11:06.382 | 00 01 02 03 04 05 06 07 08 09 0a 0b 0c  |  -43
14:11:06.607 | 00 01 02 03 04 05 06 07 08 09 0a 0b 0c  |  -42
14:11:06.823 | 00 01 02 03 04 05 06 07 08 09 0a 0b 0c  |  -43
14:11:07.059 | 00 01 02 03 04 05 06 07 08 09 0a 0b 0c  |  -43
14:11:07.304 | 00 01 02 03 04 05 06 07 08 09 0a 0b 0c  |  -43
14:11:07.540 | 00 01 02 03 04 05 06 07 08 09 0a 0b 0c  |  -43
14:11:07.776 | 00 01 02 03 04 05 06 07 08 09 0a 0b 0c  |  -43
14:11:07.995 | 00 01 02 03 04 05 06 07 08 09 0a 0b 0c  |  -44
14:11:08.243 | 00 01 02 03 04 05 06 07 08 09 0a 0b 0c  |  -44
14:11:08.478 | 00 01 02 03 04 05 06 07 08 09 0a 0b 0c  |  -44
14:11:08.699 | 00 01 02 03 04 05 06 07 08 09 0a 0b 0c  |  -44
14:11:08.950 | 00 01 02 03 04 05 06 07 08 09 0a 0b 0c  |  -44
14:11:09.187 | 00 01 02 03 04 05 06 07 08 09 0a 0b 0c  |  -44
14:11:09.410 | 00 01 02 03 04 05 06 07 08 09 0a 0b 0c  |  -44
14:11:09.644 | 00 01 02 03 04 05 06 07 08 09 0a 0b 0c  |  -43
14:11:09.865 | 00 01 02 03 04 05 06 07 08 09 0a 0b 0c  |  -44
14:11:10.102 | 00 01 02 03 04 05 06 07 08 09 0a 0b 0c  |  -44
14:11:10.337 | 00 01 02 03 04 05 06 07 08 09 0a 0b 0c  |  -44
14:11:10.563 | 00 01 02 03 04 05 06 07 08 09 0a 0b 0c  |  -43
14:11:10.815 | 00 01 02 03 04 05 06 07 08 09 0a 0b 0c  |  -43
14:11:11.051 | 00 01 02 03 04 05 06 07 08 09 0a 0b 0c  |  -43
14:11:11.287 | 00 01 02 03 04 05 06 07 08 09 0a 0b 0c  |  -43
14:11:11.506 | 00 01 02 03 04 05 06 07 08 09 0a 0b 0c  |  -43
14:11:11.787 | 00 01 02 03 04 05 06 07 08 09 0a 0b 0c  |  -43
14:11:12.038 | 00 01 02 03 04 05 06 07 08 09 0a 0b 0c  |  -43
14:11:12.258 | 00 01 02 03 04 05 06 07 08 09 0a 0b 0c  |  -43
14:11:12.494 | 00 01 02 03 04 05 06 07 08 09 0a 0b 0c  |  -44
14:11:12.714 | 00 01 02 03 04 05 06 07 08 09 0a 0b 0c  |  -43
14:11:12.992 | 00 01 02 03 04 05 06 07 08 09 0a 0b 0c  |  -43
14:11:13.212 | 00 01 02 03 04 05 06 07 08 09 0a 0b 0c  |  -43
14:11:13.464 | 00 01 02 03 04 05 06 07 08 09 0a 0b 0c  |  -43
14:11:13.694 | 00 01 02 03 04 05 06 07 08 09 0a 0b 0c  |  -43
14:11:13.922 | 00 01 02 03 04 05 06 07 08 09 0a 0b 0c  |  -43
14:11:14.142 | 00 01 02 03 04 05 06 07 08 09 0a 0b 0c  |  -43
14:11:14.347 | 00 01 02 03 04 05 06 07 08 09 0a 0b 0c  |  -44
14:11:14.598 | 00 01 02 03 04 05 06 07 08 09 0a 0b 0c  |  -44
14:11:14.850 | 00 01 02 03 04 05 06 07 08 09 0a 0b 0c  |  -44
14:11:15.081 | 00 01 02 03 04 05 06 07 08 09 0a 0b 0c  |  -44
14:11:15.302 | 00 01 02 03 04 05 06 07 08 09 0a 0b 0c  |  -43
14:11:15.564 | 00 01 02 03 04 05 06 07 08 09 0a 0b 0c  |  -42
14:11:15.791 | 00 01 02 03 04 05 06 07 08 09 0a 0b 0c  |  -42
14:11:16.028 | 00 01 02 03 04 05 06 07 08 09 0a 0b 0c  |  -42
14:11:16.283 | 00 01 02 03 04 05 06 07 08 09 0a 0b 0c  |  -43
14:11:16.498 | 00 01 02 03 04 05 06 07 08 09 0a 0b 0c  |  -44
14:11:16.732 | 00 01 02 03 04 05 06 07 08 09 0a 0b 0c  |  -44
14:11:16.969 | 00 01 02 03 04 05 06 07 08 09 0a 0b 0c  |  -45
14:11:17.210 | 00 01 02 03 04 05 06 07 08 09 0a 0b 0c  |  -44
14:11:17.441 | 00 01 02 03 04 05 06 07 08 09 0a 0b 0c  |  -43
14:11:17.690 | 00 01 02 03 04 05 06 07 08 09 0a 0b 0c  |  -45
14:11:17.914 | 00 01 02 03 04 05 06 07 08 09 0a 0b 0c  |  -45
14:11:18.159 | 00 01 02 03 04 05 06 07 08 09 0a 0b 0c  |  -43
14:11:18.395 | 00 01 02 03 04 05 06 07 08 09 0a 0b 0c  |  -44
14:11:18.616 | 00 01 02 03 04 05 06 07 08 09 0a 0b 0c  |  -45
14:11:18.883 | 00 01 02 03 04 05 06 07 08 09 0a 0b 0c  |  -44
14:11:19.116 | 00 01 02 03 04 05 06 07 08 09 0a 0b 0c  |  -45
14:11:19.350 | 00 01 02 03 04 05 06 07 08 09 0a 0b 0c  |  -45
14:11:19.567 | 00 01 02 03 04 05 06 07 08 09 0a 0b 0c  |  -44
14:11:19.787 | 00 01 02 03 04 05 06 07 08 09 0a 0b 0c  |  -44
14:11:20.024 | 00 01 02 03 04 05 06 07 08 09 0a 0b 0c  |  -44
14:11:20.260 | 00 01 02 03 04 05 06 07 08 09 0a 0b 0c  |  -43
14:11:20.505 | 00 01 02 03 04 05 06 07 08 09 0a 0b 0c  |  -44
14:11:20.731 | 00 01 02 03 04 05 06 07 08 09 0a 0b 0c  |  -43
14:11:20.981 | 00 01 02 03 04 05 06 07 08 09 0a 0b 0c  |  -43
14:11:21.209 | 00 01 02 03 04 05 06 07 08 09 0a 0b 0c  |  -42
14:11:21.440 | 00 01 02 03 04 05 06 07 08 09 0a 0b 0c  |  -44
14:11:21.676 | 00 01 02 03 04 05 06 07 08 09 0a 0b 0c  |  -44
14:11:21.913 | 00 01 02 03 04 05 06 07 08 09 0a 0b 0c  |  -44
14:11:22.147 | 00 01 02 03 04 05 06 07 08 09 0a 0b 0c  |  -44
14:11:22.386 | 00 01 02 03 04 05 06 07 08 09 0a 0b 0c  |  -45
14:11:22.610 | 00 01 02 03 04 05 06 07 08 09 0a 0b 0c  |  -45
14:11:22.842 | 00 01 02 03 04 05 06 07 08 09 0a 0b 0c  |  -44
14:11:23.068 | 00 01 02 03 04 05 06 07 08 09 0a 0b 0c  |  -43
14:11:23.299 | 00 01 02 03 04 05 06 07 08 09 0a 0b 0c  |  -42
14:11:23.552 | 00 01 02 03 04 05 06 07 08 09 0a 0b 0c  |  -42
14:11:23.787 | 00 01 02 03 04 05 06 07 08 09 0a 0b 0c  |  -43
14:11:23.992 | 00 01 02 03 04 05 06 07 08 09 0a 0b 0c  |  -42
14:11:24.246 | 00 01 02 03 04 05 06 07 08 09 0a 0b 0c  |  -42
14:11:24.473 | 00 01 02 03 04 05 06 07 08 09 0a 0b 0c  |  -42
14:11:24.695 | 00 01 02 03 04 05 06 07 08 09 0a 0b 0c  |  -42
14:11:24.931 | 00 01 02 03 04 05 06 07 08 09 0a 0b 0c  |  -43
14:11:25.166 | 00 01 02 03 04 05 06 07 08 09 0a 0b 0c  |  -43
14:11:25.414 | 00 01 02 03 04 05 06 07 08 09 0a 0b 0c  |  -43
14:11:25.646 | 00 01 02 03 04 05 06 07 08 09 0a 0b 0c  |  -43
14:11:25.882 | 00 01 02 03 04 05 06 07 08 09 0a 0b 0c  |  -43
14:11:26.124 | 00 01 02 03 04 05 06 07 08 09 0a 0b 0c  |  -42
14:11:26.356 | 00 01 02 03 04 05 06 07 08 09 0a 0b 0c  |  -42
14:11:26.575 | 00 01 02 03 04 05 06 07 08 09 0a 0b 0c  |  -42
14:11:26.796 | 00 01 02 03 04 05 06 07 08 09 0a 0b 0c  |  -42
14:11:27.033 | 00 01 02 03 04 05 06 07 08 09 0a 0b 0c  |  -42
14:11:27.285 | 00 01 02 03 04 05 06 07 08 09 0a 0b 0c  |  -42
14:11:27.521 | 00 01 02 03 04 05 06 07 08 09 0a 0b 0c  |  -42
14:11:27.774 | 00 01 02 03 04 05 06 07 08 09 0a 0b 0c  |  -42
14:11:27.993 | 00 01 02 03 04 05 06 07 08 09 0a 0b 0c  |  -42
14:11:28.229 | 00 01 02 03 04 05 06 07 08 09 0a 0b 0c  |  -43
14:11:28.466 | 00 01 02 03 04 05 06 07 08 09 0a 0b 0c  |  -42
14:11:28.703 | 00 01 02 03 04 05 06 07 08 09 0a 0b 0c  |  -43
14:11:28.939 | 00 01 02 03 04 05 06 07 08 09 0a 0b 0c  |  -43
14:11:29.175 | 00 01 02 03 04 05 06 07 08 09 0a 0b 0c  |  -42
14:11:29.426 | 00 01 02 03 04 05 06 07 08 09 0a 0b 0c  |  -42
14:11:29.709 | 00 01 02 03 04 05 06 07 08 09 0a 0b 0c  |  -43
14:11:29.867 | 00 01 02 03 04 05 06 07 08 09 0a 0b 0c  |  -44
14:11:30.123 | 00 01 02 03 04 05 06 07 08 09 0a 0b 0c  |  -45
14:11:30.355 | 00 01 02 03 04 05 06 07 08 09 0a 0b 0c  |  -45
14:11:30.601 | 00 01 02 03 04 05 06 07 08 09 0a 0b 0c  |  -44
14:11:30.851 | 00 01 02 03 04 05 06 07 08 09 0a 0b 0c  |  -44
14:11:31.082 | 00 01 02 03 04 05 06 07 08 09 0a 0b 0c  |  -43
14:11:31.319 | 00 01 02 03 04 05 06 07 08 09 0a 0b 0c  |  -43
14:11:31.540 | 00 01 02 03 04 05 06 07 08 09 0a 0b 0c  |  -43
14:11:31.776 | 00 01 02 03 04 05 06 07 08 09 0a 0b 0c  |  -42
14:11:32.017 | 00 01 02 03 04 05 06 07 08 09 0a 0b 0c  |  -42
14:11:32.238 | 00 01 02 03 04 05 06 07 08 09 0a 0b 0c  |  -42
14:11:32.458 | 00 01 02 03 04 05 06 07 08 09 0a 0b 0c  |  -42
14:11:32.703 | 00 01 02 03 04 05 06 07 08 09 0a 0b 0c  |  -42
14:11:32.933 | 00 01 02 03 04 05 06 07 08 09 0a 0b 0c  |  -42
14:11:33.176 | 00 01 02 03 04 05 06 07 08 09 0a 0b 0c  |  -42
14:11:33.430 | 00 01 02 03 04 05 06 07 08 09 0a 0b 0c  |  -42
14:11:33.653 | 00 01 02 03 04 05 06 07 08 09 0a 0b 0c  |  -42
14:11:33.889 | 00 01 02 03 04 05 06 07 08 09 0a 0b 0c  |  -42
14:11:34.110 | 00 01 02 03 04 05 06 07 08 09 0a 0b 0c  |  -43
14:11:34.334 | 00 01 02 03 04 05 06 07 08 09 0a 0b 0c  |  -44
14:11:34.598 | 00 01 02 03 04 05 06 07 08 09 0a 0b 0c  |  -44
14:11:34.834 | 00 01 02 03 04 05 06 07 08 09 0a 0b 0c  |  -43
14:11:35.054 | 00 01 02 03 04 05 06 07 08 09 0a 0b 0c  |  -43
14:11:35.308 | 00 01 02 03 04 05 06 07 08 09 0a 0b 0c  |  -43
14:11:35.533 | 00 01 02 03 04 05 06 07 08 09 0a 0b 0c  |  -43
14:11:35.769 | 00 01 02 03 04 05 06 07 08 09 0a 0b 0c  |  -44
14:11:36.001 | 00 01 02 03 04 05 06 07 08 09 0a 0b 0c  |  -44
14:11:36.266 | 00 01 02 03 04 05 06 07 08 09 0a 0b 0c  |  -44
14:11:36.519 | 00 01 02 03 04 05 06 07 08 09 0a 0b 0c  |  -43
14:11:36.743 | 00 01 02 03 04 05 06 07 08 09 0a 0b 0c  |  -43
14:11:36.979 | 00 01 02 03 04 05 06 07 08 09 0a 0b 0c  |  -43
14:11:37.237 | 00 01 02 03 04 05 06 07 08 09 0a 0b 0c  |  -43
14:11:37.480 | 00 01 02 03 04 05 06 07 08 09 0a 0b 0c  |  -44
14:11:37.724 | 00 01 02 03 04 05 06 07 08 09 0a 0b 0c  |  -44
14:11:37.949 | 00 01 02 03 04 05 06 07 08 09 0a 0b 0c  |  -44
14:11:38.185 | 00 01 02 03 04 05 06 07 08 09 0a 0b 0c  |  -44
14:11:38.423 | 00 01 02 03 04 05 06 07 08 09 0a 0b 0c  |  -43
14:11:38.660 | 00 01 02 03 04 05 06 07 08 09 0a 0b 0c  |  -43
14:11:38.880 | 00 01 02 03 04 05 06 07 08 09 0a 0b 0c  |  -42
14:11:39.138 | 00 01 02 03 04 05 06 07 08 09 0a 0b 0c  |  -44
14:11:39.358 | 00 01 02 03 04 05 06 07 08 09 0a 0b 0c  |  -44
14:11:39.598 | 00 01 02 03 04 05 06 07 08 09 0a 0b 0c  |  -44
14:11:39.803 | 00 01 02 03 04 05 06 07 08 09 0a 0b 0c  |  -43
14:11:40.090 | 00 01 02 03 04 05 06 07 08 09 0a 0b 0c  |  -44
14:11:40.322 | 00 01 02 03 04 05 06 07 08 09 0a 0b 0c  |  -44
14:11:40.542 | 00 01 02 03 04 05 06 07 08 09 0a 0b 0c  |  -43
14:11:40.781 | 00 01 02 03 04 05 06 07 08 09 0a 0b 0c  |  -43
14:11:41.001 | 00 01 02 03 04 05 06 07 08 09 0a 0b 0c  |  -44
14:11:41.237 | 00 01 02 03 04 05 06 07 08 09 0a 0b 0c  |  -43
14:11:41.476 | 00 01 02 03 04 05 06 07 08 09 0a 0b 0c  |  -43
14:11:41.722 | 00 01 02 03 04 05 06 07 08 09 0a 0b 0c  |  -43
14:11:41.959 | 00 01 02 03 04 05 06 07 08 09 0a 0b 0c  |  -43
14:11:42.195 | 00 01 02 03 04 05 06 07 08 09 0a 0b 0c  |  -43
14:11:42.416 | 00 01 02 03 04 05 06 07 08 09 0a 0b 0c  |  -44
14:11:42.662 | 00 01 02 03 04 05 06 07 08 09 0a 0b 0c  |  -44
14:11:42.892 | 00 01 02 03 04 05 06 07 08 09 0a 0b 0c  |  -44
14:11:43.113 | 00 01 02 03 04 05 06 07 08 09 0a 0b 0c  |  -43
14:11:43.355 | 00 01 02 03 04 05 06 07 08 09 0a 0b 0c  |  -43
14:11:43.578 | 00 01 02 03 04 05 06 07 08 09 0a 0b 0c  |  -43
14:11:43.815 | 00 01 02 03 04 05 06 07 08 09 0a 0b 0c  |  -43
14:11:44.067 | 00 01 02 03 04 05 06 07 08 09 0a 0b 0c  |  -43
14:11:44.334 | 00 01 02 03 04 05 06 07 08 09 0a 0b 0c  |  -43
14:11:44.554 | 00 01 02 03 04 05 06 07 08 09 0a 0b 0c  |  -44
14:11:44.776 | 00 01 02 03 04 05 06 07 08 09 0a 0b 0c  |  -44
14:11:44.996 | 00 01 02 03 04 05 06 07 08 09 0a 0b 0c  |  -44
14:11:45.233 | 00 01 02 03 04 05 06 07 08 09 0a 0b 0c  |  -44
14:11:45.453 | 00 01 02 03 04 05 06 07 08 09 0a 0b 0c  |  -44
14:11:45.689 | 00 01 02 03 04 05 06 07 08 09 0a 0b 0c  |  -44
14:11:45.925 | 00 01 02 03 04 05 06 07 08 09 0a 0b 0c  |  -44
14:11:46.161 | 00 01 02 03 04 05 06 07 08 09 0a 0b 0c  |  -44
14:11:46.396 | 00 01 02 03 04 05 06 07 08 09 0a 0b 0c  |  -44
14:11:46.633 | 00 01 02 03 04 05 06 07 08 09 0a 0b 0c  |  -44
14:11:46.868 | 00 01 02 03 04 05 06 07 08 09 0a 0b 0c  |  -44
14:11:47.103 | 00 01 02 03 04 05 06 07 08 09 0a 0b 0c  |  -44
14:11:47.339 | 00 01 02 03 04 05 06 07 08 09 0a 0b 0c  |  -44
14:11:47.591 | 00 01 02 03 04 05 06 07 08 09 0a 0b 0c  |  -44
14:11:47.829 | 00 01 02 03 04 05 06 07 08 09 0a 0b 0c  |  -44
14:11:48.073 | 00 01 02 03 04 05 06 07 08 09 0a 0b 0c  |  -44
14:11:48.325 | 00 01 02 03 04 05 06 07 08 09 0a 0b 0c  |  -44
14:11:48.561 | 00 01 02 03 04 05 06 07 08 09 0a 0b 0c  |  -43
14:11:48.781 | 00 01 02 03 04 05 06 07 08 09 0a 0b 0c  |  -43
14:11:49.017 | 00 01 02 03 04 05 06 07 08 09 0a 0b 0c  |  -43
14:11:49.256 | 00 01 02 03 04 05 06 07 08 09 0a 0b 0c  |  -43
14:11:49.475 | 00 01 02 03 04 05 06 07 08 09 0a 0b 0c  |  -44
14:11:49.710 | 00 01 02 03 04 05 06 07 08 09 0a 0b 0c  |  -44
14:11:49.958 | 00 01 02 03 04 05 06 07 08 09 0a 0b 0c  |  -44
14:11:50.215 | 00 01 02 03 04 05 06 07 08 09 0a 0b 0c  |  -44
14:11:50.468 | 00 01 02 03 04 05 06 07 08 09 0a 0b 0c  |  -44
14:11:50.719 | 00 01 02 03 04 05 06 07 08 09 0a 0b 0c  |  -44
14:11:50.976 | 00 01 02 03 04 05 06 07 08 09 0a 0b 0c  |  -44
14:11:51.199 | 00 01 02 03 04 05 06 07 08 09 0a 0b 0c  |  -44
14:11:51.445 | 00 01 02 03 04 05 06 07 08 09 0a 0b 0c  |  -44
14:11:51.689 | 00 01 02 03 04 05 06 07 08 09 0a 0b 0c  |  -43
14:11:51.942 | 00 01 02 03 04 05 06 07 08 09 0a 0b 0c  |  -43
14:11:52.178 | 00 01 02 03 04 05 06 07 08 09 0a 0b 0c  |  -44
14:11:52.398 | 00 01 02 03 04 05 06 07 08 09 0a 0b 0c  |  -44
14:11:52.634 | 00 01 02 03 04 05 06 07 08 09 0a 0b 0c  |  -44
14:11:52.886 | 00 01 02 03 04 05 06 07 08 09 0a 0b 0c  |  -44
14:11:53.129 | 00 01 02 03 04 05 06 07 08 09 0a 0b 0c  |  -44
14:11:53.366 | 00 01 02 03 04 05 06 07 08 09 0a 0b 0c  |  -44
14:11:53.597 | 00 01 02 03 04 05 06 07 08 09 0a 0b 0c  |  -44
14:11:53.814 | 00 01 02 03 04 05 06 07 08 09 0a 0b 0c  |  -44
14:11:54.068 | 00 01 02 03 04 05 06 07 08 09 0a 0b 0c  |  -44
14:11:54.271 | 00 01 02 03 04 05 06 07 08 09 0a 0b 0c  |  -44
14:11:54.499 | 00 01 02 03 04 05 06 07 08 09 0a 0b 0c  |  -44
14:11:54.729 | 00 01 02 03 04 05 06 07 08 09 0a 0b 0c  |  -44
14:11:54.984 | 00 01 02 03 04 05 06 07 08 09 0a 0b 0c  |  -44
14:11:55.220 | 00 01 02 03 04 05 06 07 08 09 0a 0b 0c  |  -44
14:11:55.440 | 00 01 02 03 04 05 06 07 08 09 0a 0b 0c  |  -44
14:11:55.676 | 00 01 02 03 04 05 06 07 08 09 0a 0b 0c  |  -44
14:11:55.897 | 00 01 02 03 04 05 06 07 08 09 0a 0b 0c  |  -44
14:11:56.148 | 00 01 02 03 04 05 06 07 08 09 0a 0b 0c  |  -44
14:11:56.370 | 00 01 02 03 04 05 06 07 08 09 0a 0b 0c  |  -44
14:11:56.590 | 00 01 02 03 04 05 06 07 08 09 0a 0b 0c  |  -44
14:11:56.828 | 00 01 02 03 04 05 06 07 08 09 0a 0b 0c  |  -44
14:11:57.072 | 00 01 02 03 04 05 06 07 08 09 0a 0b 0c  |  -44
14:11:57.317 | 00 01 02 03 04 05 06 07 08 09 0a 0b 0c  |  -44
14:11:57.553 | 00 01 02 03 04 05 06 07 08 09 0a 0b 0c  |  -44
14:11:57.773 | 00 01 02 03 04 05 06 07 08 09 0a 0b 0c  |  -44
14:11:58.074 | 00 01 02 03 04 05 06 07 08 09 0a 0b 0c  |  -44
14:11:58.245 | 00 01 02 03 04 05 06 07 08 09 0a 0b 0c  |  -44
14:11:58.474 | 00 01 02 03 04 05 06 07 08 09 0a 0b 0c  |  -43
14:11:58.698 | 00 01 02 03 04 05 06 07 08 09 0a 0b 0c  |  -44
14:11:58.946 | 00 01 02 03 04 05 06 07 08 09 0a 0b 0c  |  -44
14:11:59.197 | 00 01 02 03 04 05 06 07 08 09 0a 0b 0c  |  -44
14:11:59.449 | 00 01 02 03 04 05 06 07 08 09 0a 0b 0c  |  -44
14:11:59.676 | 00 01 02 03 04 05 06 07 08 09 0a 0b 0c  |  -44
14:11:59.913 | 00 01 02 03 04 05 06 07 08 09 0a 0b 0c  |  -44
14:12:00.149 | 00 01 02 03 04 05 06 07 08 09 0a 0b 0c  |  -44
14:12:00.385 | 00 01 02 03 04 05 06 07 08 09 0a 0b 0c  |  -44
14:12:00.622 | 00 01 02 03 04 05 06 07 08 09 0a 0b 0c  |  -44
14:12:00.857 | 00 01 02 03 04 05 06 07 08 09 0a 0b 0c  |  -43
14:12:01.077 | 00 01 02 03 04 05 06 07 08 09 0a 0b 0c  |  -44
14:12:01.298 | 00 01 02 03 04 05 06 07 08 09 0a 0b 0c  |  -44
14:12:01.537 | 00 01 02 03 04 05 06 07 08 09 0a 0b 0c  |  -44
14:12:01.806 | 00 01 02 03 04 05 06 07 08 09 0a 0b 0c  |  -44
14:12:02.026 | 00 01 02 03 04 05 06 07 08 09 0a 0b 0c  |  -45
14:12:02.258 | 00 01 02 03 04 05 06 07 08 09 0a 0b 0c  |  -45
14:12:02.495 | 00 01 02 03 04 05 06 07 08 09 0a 0b 0c  |  -44
14:12:02.747 | 00 01 02 03 04 05 06 07 08 09 0a 0b 0c  |  -44
14:12:02.980 | 00 01 02 03 04 05 06 07 08 09 0a 0b 0c  |  -44
14:12:03.193 | 00 01 02 03 04 05 06 07 08 09 0a 0b 0c  |  -44
14:12:03.439 | 00 01 02 03 04 05 06 07 08 09 0a 0b 0c  |  -44
14:12:03.681 | 00 01 02 03 04 05 06 07 08 09 0a 0b 0c  |  -44
14:12:03.926 | 00 01 02 03 04 05 06 07 08 09 0a 0b 0c  |  -43
14:12:04.163 | 00 01 02 03 04 05 06 07 08 09 0a 0b 0c  |  -43
14:12:04.399 | 00 01 02 03 04 05 06 07 08 09 0a 0b 0c  |  -43
14:12:04.635 | 00 01 02 03 04 05 06 07 08 09 0a 0b 0c  |  -43
14:12:04.855 | 00 01 02 03 04 05 06 07 08 09 0a 0b 0c  |  -43
14:12:05.088 | 00 01 02 03 04 05 06 07 08 09 0a 0b 0c  |  -43
14:12:05.325 | 00 01 02 03 04 05 06 07 08 09 0a 0b 0c  |  -43
14:12:05.547 | 00 01 02 03 04 05 06 07 08 09 0a 0b 0c  |  -43
14:12:05.791 | 00 01 02 03 04 05 06 07 08 09 0a 0b 0c  |  -43
14:12:06.019 | 00 01 02 03 04 05 06 07 08 09 0a 0b 0c  |  -43
14:12:06.255 | 00 01 02 03 04 05 06 07 08 09 0a 0b 0c  |  -43
14:12:06.475 | 00 01 02 03 04 05 06 07 08 09 0a 0b 0c  |  -43
14:12:06.711 | 00 01 02 03 04 05 06 07 08 09 0a 0b 0c  |  -43
14:12:06.948 | 00 01 02 03 04 05 06 07 08 09 0a 0b 0c  |  -43
14:12:07.168 | 00 01 02 03 04 05 06 07 08 09 0a 0b 0c  |  -43
14:12:07.405 | 00 01 02 03 04 05 06 07 08 09 0a 0b 0c  |  -43
14:12:07.657 | 00 01 02 03 04 05 06 07 08 09 0a 0b 0c  |  -43
14:12:07.895 | 00 01 02 03 04 05 06 07 08 09 0a 0b 0c  |  -43
14:12:08.147 | 00 01 02 03 04 05 06 07 08 09 0a 0b 0c  |  -43
14:12:08.383 | 00 01 02 03 04 05 06 07 08 09 0a 0b 0c  |  -43
14:12:08.603 | 00 01 02 03 04 05 06 07 08 09 0a 0b 0c  |  -43
14:12:08.824 | 00 01 02 03 04 05 06 07 08 09 0a 0b 0c  |  -43
14:12:09.061 | 00 01 02 03 04 05 06 07 08 09 0a 0b 0c  |  -43
14:12:09.308 | 00 01 02 03 04 05 06 07 08 09 0a 0b 0c  |  -43
14:12:09.527 | 00 01 02 03 04 05 06 07 08 09 0a 0b 0c  |  -43
14:12:09.762 | 00 01 02 03 04 05 06 07 08 09 0a 0b 0c  |  -43
14:12:10.009 | 00 01 02 03 04 05 06 07 08 09 0a 0b 0c  |  -43
14:12:10.235 | 00 01 02 03 04 05 06 07 08 09 0a 0b 0c  |  -43
14:12:10.472 | 00 01 02 03 04 05 06 07 08 09 0a 0b 0c  |  -44
14:12:10.724 | 00 01 02 03 04 05 06 07 08 09 0a 0b 0c  |  -43
14:12:10.960 | 00 01 02 03 04 05 06 07 08 09 0a 0b 0c  |  -43
14:12:11.183 | 00 01 02 03 04 05 06 07 08 09 0a 0b 0c  |  -43
14:12:11.399 | 00 01 02 03 04 05 06 07 08 09 0a 0b 0c  |  -43
14:12:11.635 | 00 01 02 03 04 05 06 07 08 09 0a 0b 0c  |  -43
14:12:11.856 | 00 01 02 03 04 05 06 07 08 09 0a 0b 0c  |  -44
14:12:12.076 | 00 01 02 03 04 05 06 07 08 09 0a 0b 0c  |  -43
14:12:12.311 | 00 01 02 03 04 05 06 07 08 09 0a 0b 0c  |  -43
14:12:12.548 | 00 01 02 03 04 05 06 07 08 09 0a 0b 0c  |  -43
14:12:12.783 | 00 01 02 03 04 05 06 07 08 09 0a 0b 0c  |  -43
14:12:13.030 | 00 01 02 03 04 05 06 07 08 09 0a 0b 0c  |  -44
14:12:13.282 | 00 01 02 03 04 05 06 07 08 09 0a 0b 0c  |  -44
14:12:13.518 | 00 01 02 03 04 05 06 07 08 09 0a 0b 0c  |  -44
14:12:13.755 | 00 01 02 03 04 05 06 07 08 09 0a 0b 0c  |  -44
14:12:13.989 | 00 01 02 03 04 05 06 07 08 09 0a 0b 0c  |  -44
14:12:14.227 | 00 01 02 03 04 05 06 07 08 09 0a 0b 0c  |  -44
14:12:14.461 | 00 01 02 03 04 05 06 07 08 09 0a 0b 0c  |  -44
14:12:14.681 | 00 01 02 03 04 05 06 07 08 09 0a 0b 0c  |  -44
14:12:14.917 | 00 01 02 03 04 05 06 07 08 09 0a 0b 0c  |  -43
14:12:15.154 | 00 01 02 03 04 05 06 07 08 09 0a 0b 0c  |  -44
14:12:15.374 | 00 01 02 03 04 05 06 07 08 09 0a 0b 0c  |  -43
14:12:15.579 | 00 01 02 03 04 05 06 07 08 09 0a 0b 0c  |  -43
14:12:15.807 | 00 01 02 03 04 05 06 07 08 09 0a 0b 0c  |  -43
14:12:16.012 | 00 01 02 03 04 05 06 07 08 09 0a 0b 0c  |  -43
14:12:16.233 | 00 01 02 03 04 05 06 07 08 09 0a 0b 0c  |  -43
14:12:16.438 | 00 01 02 03 04 05 06 07 08 09 0a 0b 0c  |  -43
14:12:16.660 | 00 01 02 03 04 05 06 07 08 09 0a 0b 0c  |  -43
14:12:16.885 | 00 01 02 03 04 05 06 07 08 09 0a 0b 0c  |  -43
14:12:17.124 | 00 01 02 03 04 05 06 07 08 09 0a 0b 0c  |  -43
14:12:17.324 | 00 01 02 03 04 05 06 07 08 09 0a 0b 0c  |  -44
14:12:17.529 | 00 01 02 03 04 05 06 07 08 09 0a 0b 0c  |  -44
14:12:17.734 | 00 01 02 03 04 05 06 07 08 09 0a 0b 0c  |  -44
14:12:17.949 | 00 01 02 03 04 05 06 07 08 09 0a 0b 0c  |  -44
14:12:18.158 | 00 01 02 03 04 05 06 07 08 09 0a 0b 0c  |  -44
14:12:18.378 | 00 01 02 03 04 05 06 07 08 09 0a 0b 0c  |  -44
14:12:18.603 | 00 01 02 03 04 05 06 07 08 09 0a 0b 0c  |  -43
14:12:18.826 | 00 01 02 03 04 05 06 07 08 09 0a 0b 0c  |  -44
14:12:19.093 | 00 01 02 03 04 05 06 07 08 09 0a 0b 0c  |  -44
14:12:19.314 | 00 01 02 03 04 05 06 07 08 09 0a 0b 0c  |  -44
14:12:19.534 | 00 01 02 03 04 05 06 07 08 09 0a 0b 0c  |  -44
14:12:19.769 | 00 01 02 03 04 05 06 07 08 09 0a 0b 0c  |  -44
14:12:20.005 | 00 01 02 03 04 05 06 07 08 09 0a 0b 0c  |  -44
14:12:20.241 | 00 01 02 03 04 05 06 07 08 09 0a 0b 0c  |  -44
14:12:20.481 | 00 01 02 03 04 05 06 07 08 09 0a 0b 0c  |  -44
14:12:20.702 | 00 01 02 03 04 05 06 07 08 09 0a 0b 0c  |  -44
14:12:20.947 | 00 01 02 03 04 05 06 07 08 09 0a 0b 0c  |  -44
14:12:21.197 | 00 01 02 03 04 05 06 07 08 09 0a 0b 0c  |  -43
14:12:21.433 | 00 01 02 03 04 05 06 07 08 09 0a 0b 0c  |  -43
14:12:21.669 | 00 01 02 03 04 05 06 07 08 09 0a 0b 0c  |  -43
14:12:21.890 | 00 01 02 03 04 05 06 07 08 09 0a 0b 0c  |  -43
14:12:22.112 | 00 01 02 03 04 05 06 07 08 09 0a 0b 0c  |  -43
14:12:22.346 | 00 01 02 03 04 05 06 07 08 09 0a 0b 0c  |  -43
14:12:22.592 | 00 01 02 03 04 05 06 07 08 09 0a 0b 0c  |  -43
14:12:22.833 | 00 01 02 03 04 05 06 07 08 09 0a 0b 0c  |  -43
14:12:23.065 | 00 01 02 03 04 05 06 07 08 09 0a 0b 0c  |  -43
14:12:23.304 | 00 01 02 03 04 05 06 07 08 09 0a 0b 0c  |  -43
14:12:23.537 | 00 01 02 03 04 05 06 07 08 09 0a 0b 0c  |  -43
14:12:23.769 | 00 01 02 03 04 05 06 07 08 09 0a 0b 0c  |  -43
14:12:23.988 | 00 01 02 03 04 05 06 07 08 09 0a 0b 0c  |  -43
14:12:24.225 | 00 01 02 03 04 05 06 07 08 09 0a 0b 0c  |  -44
14:12:24.461 | 00 01 02 03 04 05 06 07 08 09 0a 0b 0c  |  -43
14:12:24.704 | 00 01 02 03 04 05 06 07 08 09 0a 0b 0c  |  -43
14:12:24.919 | 00 01 02 03 04 05 06 07 08 09 0a 0b 0c  |  -43
14:12:25.139 | 00 01 02 03 04 05 06 07 08 09 0a 0b 0c  |  -44
14:12:25.396 | 00 01 02 03 04 05 06 07 08 09 0a 0b 0c  |  -43
14:12:25.611 | 00 01 02 03 04 05 06 07 08 09 0a 0b 0c  |  -43
14:12:25.914 | 00 01 02 03 04 05 06 07 08 09 0a 0b 0c  |  -43
14:12:26.084 | 00 01 02 03 04 05 06 07 08 09 0a 0b 0c  |  -43
14:12:26.355 | 00 01 02 03 04 05 06 07 08 09 0a 0b 0c  |  -43
14:12:26.583 | 00 01 02 03 04 05 06 07 08 09 0a 0b 0c  |  -43
14:12:26.819 | 00 01 02 03 04 05 06 07 08 09 0a 0b 0c  |  -43
14:12:27.040 | 00 01 02 03 04 05 06 07 08 09 0a 0b 0c  |  -43
14:12:27.261 | 00 01 02 03 04 05 06 07 08 09 0a 0b 0c  |  -43
14:12:27.496 | 00 01 02 03 04 05 06 07 08 09 0a 0b 0c  |  -43
14:12:27.734 | 00 01 02 03 04 05 06 07 08 09 0a 0b 0c  |  -43
14:12:27.985 | 00 01 02 03 04 05 06 07 08 09 0a 0b 0c  |  -43
14:12:28.224 | 00 01 02 03 04 05 06 07 08 09 0a 0b 0c  |  -43
14:12:28.461 | 00 01 02 03 04 05 06 07 08 09 0a 0b 0c  |  -43
14:12:28.697 | 00 01 02 03 04 05 06 07 08 09 0a 0b 0c  |  -43
14:12:28.917 | 00 01 02 03 04 05 06 07 08 09 0a 0b 0c  |  -43
14:12:29.163 | 00 01 02 03 04 05 06 07 08 09 0a 0b 0c  |  -43
14:12:29.413 | 00 01 02 03 04 05 06 07 08 09 0a 0b 0c  |  -43
14:12:29.646 | 00 01 02 03 04 05 06 07 08 09 0a 0b 0c  |  -43
14:12:29.899 | 00 01 02 03 04 05 06 07 08 09 0a 0b 0c  |  -44
14:12:30.126 | 00 01 02 03 04 05 06 07 08 09 0a 0b 0c  |  -44
14:12:30.346 | 00 01 02 03 04 05 06 07 08 09 0a 0b 0c  |  -44
14:12:30.567 | 00 01 02 03 04 05 06 07 08 09 0a 0b 0c  |  -44
14:12:30.813 | 00 01 02 03 04 05 06 07 08 09 0a 0b 0c  |  -44
14:12:31.041 | 00 01 02 03 04 05 06 07 08 09 0a 0b 0c  |  -44
14:12:31.277 | 00 01 02 03 04 05 06 07 08 09 0a 0b 0c  |  -44
14:12:31.520 | 00 01 02 03 04 05 06 07 08 09 0a 0b 0c  |  -44
14:12:31.765 | 00 01 02 03 04 05 06 07 08 09 0a 0b 0c  |  -44
14:12:31.991 | 00 01 02 03 04 05 06 07 08 09 0a 0b 0c  |  -43
14:12:32.222 | 00 01 02 03 04 05 06 07 08 09 0a 0b 0c  |  -43
14:12:32.457 | 00 01 02 03 04 05 06 07 08 09 0a 0b 0c  |  -43
14:12:32.678 | 00 01 02 03 04 05 06 07 08 09 0a 0b 0c  |  -43
14:12:32.917 | 00 01 02 03 04 05 06 07 08 09 0a 0b 0c  |  -43
14:12:33.165 | 00 01 02 03 04 05 06 07 08 09 0a 0b 0c  |  -43
14:12:33.404 | 00 01 02 03 04 05 06 07 08 09 0a 0b 0c  |  -43
14:12:33.640 | 00 01 02 03 04 05 06 07 08 09 0a 0b 0c  |  -43
14:12:33.845 | 00 01 02 03 04 05 06 07 08 09 0a 0b 0c  |  -44
14:12:34.097 | 00 01 02 03 04 05 06 07 08 09 0a 0b 0c  |  -44
14:12:34.334 | 00 01 02 03 04 05 06 07 08 09 0a 0b 0c  |  -43
14:12:34.557 | 00 01 02 03 04 05 06 07 08 09 0a 0b 0c  |  -44
14:12:34.801 | 00 01 02 03 04 05 06 07 08 09 0a 0b 0c  |  -44
14:12:35.016 | 00 01 02 03 04 05 06 07 08 09 0a 0b 0c  |  -44
14:12:35.251 | 00 01 02 03 04 05 06 07 08 09 0a 0b 0c  |  -43
14:12:35.488 | 00 01 02 03 04 05 06 07 08 09 0a 0b 0c  |  -43
14:12:35.709 | 00 01 02 03 04 05 06 07 08 09 0a 0b 0c  |  -44
14:12:35.930 | 00 01 02 03 04 05 06 07 08 09 0a 0b 0c  |  -44
14:12:36.174 | 00 01 02 03 04 05 06 07 08 09 0a 0b 0c  |  -44
14:12:36.403 | 00 01 02 03 04 05 06 07 08 09 0a 0b 0c  |  -44
14:12:36.644 | 00 01 02 03 04 05 06 07 08 09 0a 0b 0c  |  -44
14:12:36.859 | 00 01 02 03 04 05 06 07 08 09 0a 0b 0c  |  -44
14:12:37.095 | 00 01 02 03 04 05 06 07 08 09 0a 0b 0c  |  -44
14:12:37.332 | 00 01 02 03 04 05 06 07 08 09 0a 0b 0c  |  -44
14:12:37.563 | 00 01 02 03 04 05 06 07 08 09 0a 0b 0c  |  -43
14:12:37.808 | 00 01 02 03 04 05 06 07 08 09 0a 0b 0c  |  -43
14:12:38.043 | 00 01 02 03 04 05 06 07 08 09 0a 0b 0c  |  -43
14:12:38.280 | 00 01 02 03 04 05 06 07 08 09 0a 0b 0c  |  -43
14:12:38.506 | 00 01 02 03 04 05 06 07 08 09 0a 0b 0c  |  -43
14:12:38.738 | 00 01 02 03 04 05 06 07 08 09 0a 0b 0c  |  -43
14:12:38.990 | 00 01 02 03 04 05 06 07 08 09 0a 0b 0c  |  -43
14:12:39.212 | 00 01 02 03 04 05 06 07 08 09 0a 0b 0c  |  -43
14:12:39.446 | 00 01 02 03 04 05 06 07 08 09 0a 0b 0c  |  -43
14:12:39.679 | 00 01 02 03 04 05 06 07 08 09 0a 0b 0c  |  -43
14:12:39.904 | 00 01 02 03 04 05 06 07 08 09 0a 0b 0c  |  -43
14:12:40.140 | 00 01 02 03 04 05 06 07 08 09 0a 0b 0c  |  -43
14:12:40.374 | 00 01 02 03 04 05 06 07 08 09 0a 0b 0c  |  -43
14:12:40.611 | 00 01 02 03 04 05 06 07 08 09 0a 0b 0c  |  -43
14:12:40.846 | 00 01 02 03 04 05 06 07 08 09 0a 0b 0c  |  -43
14:12:41.082 | 00 01 02 03 04 05 06 07 08 09 0a 0b 0c  |  -43
14:12:41.317 | 00 01 02 03 04 05 06 07 08 09 0a 0b 0c  |  -43
14:12:41.553 | 00 01 02 03 04 05 06 07 08 09 0a 0b 0c  |  -43
14:12:41.789 | 00 01 02 03 04 05 06 07 08 09 0a 0b 0c  |  -43
14:12:42.041 | 00 01 02 03 04 05 06 07 08 09 0a 0b 0c  |  -43
14:12:42.284 | 00 01 02 03 04 05 06 07 08 09 0a 0b 0c  |  -43
14:12:42.513 | 00 01 02 03 04 05 06 07 08 09 0a 0b 0c  |  -43
14:12:42.751 | 00 01 02 03 04 05 06 07 08 09 0a 0b 0c  |  -43
14:12:42.973 | 00 01 02 03 04 05 06 07 08 09 0a 0b 0c  |  -43
14:12:43.194 | 00 01 02 03 04 05 06 07 08 09 0a 0b 0c  |  -43
14:12:43.414 | 00 01 02 03 04 05 06 07 08 09 0a 0b 0c  |  -43
14:12:43.650 | 00 01 02 03 04 05 06 07 08 09 0a 0b 0c  |  -43
14:12:43.894 | 00 01 02 03 04 05 06 07 08 09 0a 0b 0c  |  -44
14:12:44.126 | 00 01 02 03 04 05 06 07 08 09 0a 0b 0c  |  -44
14:12:44.359 | 00 01 02 03 04 05 06 07 08 09 0a 0b 0c  |  -44
14:12:44.611 | 00 01 02 03 04 05 06 07 08 09 0a 0b 0c  |  -44
14:12:44.848 | 00 01 02 03 04 05 06 07 08 09 0a 0b 0c  |  -44
14:12:45.098 | 00 01 02 03 04 05 06 07 08 09 0a 0b 0c  |  -44
14:12:45.319 | 00 01 02 03 04 05 06 07 08 09 0a 0b 0c  |  -44
14:12:45.571 | 00 01 02 03 04 05 06 07 08 09 0a 0b 0c  |  -44
14:12:45.808 | 00 01 02 03 04 05 06 07 08 09 0a 0b 0c  |  -44
14:12:46.043 | 00 01 02 03 04 05 06 07 08 09 0a 0b 0c  |  -44
14:12:46.266 | 00 01 02 03 04 05 06 07 08 09 0a 0b 0c  |  -44
14:12:46.470 | 00 01 02 03 04 05 06 07 08 09 0a 0b 0c  |  -44
14:12:46.706 | 00 01 02 03 04 05 06 07 08 09 0a 0b 0c  |  -44
14:12:46.943 | 00 01 02 03 04 05 06 07 08 09 0a 0b 0c  |  -44
14:12:47.163 | 00 01 02 03 04 05 06 07 08 09 0a 0b 0c  |  -44
14:12:47.383 | 00 01 02 03 04 05 06 07 08 09 0a 0b 0c  |  -44
14:12:47.603 | 00 01 02 03 04 05 06 07 08 09 0a 0b 0c  |  -44
14:12:47.840 | 00 01 02 03 04 05 06 07 08 09 0a 0b 0c  |  -44
14:12:48.095 | 00 01 02 03 04 05 06 07 08 09 0a 0b 0c  |  -44
14:12:48.345 | 00 01 02 03 04 05 06 07 08 09 0a 0b 0c  |  -44
14:12:48.582 | 00 01 02 03 04 05 06 07 08 09 0a 0b 0c  |  -44
14:12:48.802 | 00 01 02 03 04 05 06 07 08 09 0a 0b 0c  |  -44
14:12:49.022 | 00 01 02 03 04 05 06 07 08 09 0a 0b 0c  |  -45
14:12:49.258 | 00 01 02 03 04 05 06 07 08 09 0a 0b 0c  |  -44
14:12:49.478 | 00 01 02 03 04 05 06 07 08 09 0a 0b 0c  |  -44
14:12:49.729 | 00 01 02 03 04 05 06 07 08 09 0a 0b 0c  |  -44
14:12:49.951 | 00 01 02 03 04 05 06 07 08 09 0a 0b 0c  |  -44
14:12:50.174 | 00 01 02 03 04 05 06 07 08 09 0a 0b 0c  |  -44
14:12:50.408 | 00 01 02 03 04 05 06 07 08 09 0a 0b 0c  |  -45
14:12:50.659 | 00 01 02 03 04 05 06 07 08 09 0a 0b 0c  |  -45
14:12:50.913 | 00 01 02 03 04 05 06 07 08 09 0a 0b 0c  |  -44
14:12:51.142 | 00 01 02 03 04 05 06 07 08 09 0a 0b 0c  |  -44
14:12:51.381 | 00 01 02 03 04 05 06 07 08 09 0a 0b 0c  |  -44
14:12:51.624 | 00 01 02 03 04 05 06 07 08 09 0a 0b 0c  |  -44
14:12:51.860 | 00 01 02 03 04 05 06 07 08 09 0a 0b 0c  |  -44
14:12:52.096 | 00 01 02 03 04 05 06 07 08 09 0a 0b 0c  |  -44
14:12:52.333 | 00 01 02 03 04 05 06 07 08 09 0a 0b 0c  |  -44
14:12:52.554 | 00 01 02 03 04 05 06 07 08 09 0a 0b 0c  |  -44
14:12:52.758 | 00 01 02 03 04 05 06 07 08 09 0a 0b 0c  |  -44
14:12:53.010 | 00 01 02 03 04 05 06 07 08 09 0a 0b 0c  |  -44
14:12:53.261 | 00 01 02 03 04 05 06 07 08 09 0a 0b 0c  |  -44
14:12:53.505 | 00 01 02 03 04 05 06 07 08 09 0a 0b 0c  |  -44
14:12:53.732 | 00 01 02 03 04 05 06 07 08 09 0a 0b 0c  |  -44
14:12:54.051 | 00 01 02 03 04 05 06 07 08 09 0a 0b 0c  |  -44
14:12:54.220 | 00 01 02 03 04 05 06 07 08 09 0a 0b 0c  |  -44
14:12:54.442 | 00 01 02 03 04 05 06 07 08 09 0a 0b 0c  |  -45
14:12:54.682 | 00 01 02 03 04 05 06 07 08 09 0a 0b 0c  |  -45
14:12:54.915 | 00 01 02 03 04 05 06 07 08 09 0a 0b 0c  |  -45
14:12:55.166 | 00 01 02 03 04 05 06 07 08 09 0a 0b 0c  |  -45
14:12:55.403 | 00 01 02 03 04 05 06 07 08 09 0a 0b 0c  |  -45
14:12:55.624 | 00 01 02 03 04 05 06 07 08 09 0a 0b 0c  |  -44
14:12:55.878 | 00 01 02 03 04 05 06 07 08 09 0a 0b 0c  |  -44
14:12:56.127 | 00 01 02 03 04 05 06 07 08 09 0a 0b 0c  |  -44
14:12:56.379 | 00 01 02 03 04 05 06 07 08 09 0a 0b 0c  |  -44
14:12:56.628 | 00 01 02 03 04 05 06 07 08 09 0a 0b 0c  |  -44
14:12:56.865 | 00 01 02 03 04 05 06 07 08 09 0a 0b 0c  |  -44
14:12:57.098 | 00 01 02 03 04 05 06 07 08 09 0a 0b 0c  |  -45
14:12:57.325 | 00 01 02 03 04 05 06 07 08 09 0a 0b 0c  |  -45
14:12:57.571 | 00 01 02 03 04 05 06 07 08 09 0a 0b 0c  |  -45
14:12:57.797 | 00 01 02 03 04 05 06 07 08 09 0a 0b 0c  |  -45
14:12:58.032 | 00 01 02 03 04 05 06 07 08 09 0a 0b 0c  |  -44
14:12:58.268 | 00 01 02 03 04 05 06 07 08 09 0a 0b 0c  |  -44
14:12:58.504 | 00 01 02 03 04 05 06 07 08 09 0a 0b 0c  |  -44
14:12:58.741 | 00 01 02 03 04 05 06 07 08 09 0a 0b 0c  |  -44
14:12:58.991 | 00 01 02 03 04 05 06 07 08 09 0a 0b 0c  |  -44
14:12:59.226 | 00 01 02 03 04 05 06 07 08 09 0a 0b 0c  |  -44
14:12:59.457 | 00 01 02 03 04 05 06 07 08 09 0a 0b 0c  |  -44
14:12:59.682 | 00 01 02 03 04 05 06 07 08 09 0a 0b 0c  |  -45
14:12:59.911 | 00 01 02 03 04 05 06 07 08 09 0a 0b 0c  |  -44
14:13:00.139 | 00 01 02 03 04 05 06 07 08 09 0a 0b 0c  |  -44
14:13:00.375 | 00 01 02 03 04 05 06 07 08 09 0a 0b 0c  |  -44
14:13:00.628 | 00 01 02 03 04 05 06 07 08 09 0a 0b 0c  |  -44
14:13:00.852 | 00 01 02 03 04 05 06 07 08 09 0a 0b 0c  |  -44
14:13:01.072 | 00 01 02 03 04 05 06 07 08 09 0a 0b 0c  |  -44
14:13:01.308 | 00 01 02 03 04 05 06 07 08 09 0a 0b 0c  |  -44
14:13:01.562 | 00 01 02 03 04 05 06 07 08 09 0a 0b 0c  |  -44
14:13:01.813 | 00 01 02 03 04 05 06 07 08 09 0a 0b 0c  |  -45
14:13:02.065 | 00 01 02 03 04 05 06 07 08 09 0a 0b 0c  |  -45
14:13:02.283 | 00 01 02 03 04 05 06 07 08 09 0a 0b 0c  |  -44
14:13:02.500 | 00 01 02 03 04 05 06 07 08 09 0a 0b 0c  |  -44
14:13:02.731 | 00 01 02 03 04 05 06 07 08 09 0a 0b 0c  |  -44
14:13:02.961 | 00 01 02 03 04 05 06 07 08 09 0a 0b 0c  |  -44
14:13:03.213 | 00 01 02 03 04 05 06 07 08 09 0a 0b 0c  |  -44
14:13:03.449 | 00 01 02 03 04 05 06 07 08 09 0a 0b 0c  |  -44
14:13:03.685 | 00 01 02 03 04 05 06 07 08 09 0a 0b 0c  |  -44
14:13:03.914 | 00 01 02 03 04 05 06 07 08 09 0a 0b 0c  |  -44
14:13:04.149 | 00 01 02 03 04 05 06 07 08 09 0a 0b 0c  |  -44
14:13:04.369 | 00 01 02 03 04 05 06 07 08 09 0a 0b 0c  |  -44
14:13:04.621 | 00 01 02 03 04 05 06 07 08 09 0a 0b 0c  |  -44
14:13:04.841 | 00 01 02 03 04 05 06 07 08 09 0a 0b 0c  |  -44
14:13:05.077 | 00 01 02 03 04 05 06 07 08 09 0a 0b 0c  |  -44
14:13:05.297 | 00 01 02 03 04 05 06 07 08 09 0a 0b 0c  |  -44
14:13:05.518 | 00 01 02 03 04 05 06 07 08 09 0a 0b 0c  |  -44
14:13:05.754 | 00 01 02 03 04 05 06 07 08 09 0a 0b 0c  |  -44
14:13:06.006 | 00 01 02 03 04 05 06 07 08 09 0a 0b 0c  |  -44
14:13:06.245 | 00 01 02 03 04 05 06 07 08 09 0a 0b 0c  |  -44
14:13:06.487 | 00 01 02 03 04 05 06 07 08 09 0a 0b 0c  |  -44
14:13:06.722 | 00 01 02 03 04 05 06 07 08 09 0a 0b 0c  |  -44
14:13:06.974 | 00 01 02 03 04 05 06 07 08 09 0a 0b 0c  |  -44
14:13:07.210 | 00 01 02 03 04 05 06 07 08 09 0a 0b 0c  |  -44
14:13:07.458 | 00 01 02 03 04 05 06 07 08 09 0a 0b 0c  |  -44
14:13:07.694 | 00 01 02 03 04 05 06 07 08 09 0a 0b 0c  |  -44
14:13:07.915 | 00 01 02 03 04 05 06 07 08 09 0a 0b 0c  |  -44
14:13:08.151 | 00 01 02 03 04 05 06 07 08 09 0a 0b 0c  |  -44
14:13:08.399 | 00 01 02 03 04 05 06 07 08 09 0a 0b 0c  |  -44
14:13:08.625 | 00 01 02 03 04 05 06 07 08 09 0a 0b 0c  |  -44
14:13:08.876 | 00 01 02 03 04 05 06 07 08 09 0a 0b 0c  |  -44
14:13:09.128 | 00 01 02 03 04 05 06 07 08 09 0a 0b 0c  |  -44
14:13:09.364 | 00 01 02 03 04 05 06 07 08 09 0a 0b 0c  |  -44
14:13:09.616 | 00 01 02 03 04 05 06 07 08 09 0a 0b 0c  |  -44
14:13:09.859 | 00 01 02 03 04 05 06 07 08 09 0a 0b 0c  |  -44
14:13:10.092 | 00 01 02 03 04 05 06 07 08 09 0a 0b 0c  |  -44
14:13:10.328 | 00 01 02 03 04 05 06 07 08 09 0a 0b 0c  |  -44
14:13:10.563 | 00 01 02 03 04 05 06 07 08 09 0a 0b 0c  |  -44
14:13:10.799 | 00 01 02 03 04 05 06 07 08 09 0a 0b 0c  |  -44
14:13:11.019 | 00 01 02 03 04 05 06 07 08 09 0a 0b 0c  |  -44
14:13:11.246 | 00 01 02 03 04 05 06 07 08 09 0a 0b 0c  |  -44
14:13:11.477 | 00 01 02 03 04 05 06 07 08 09 0a 0b 0c  |  -44
14:13:11.712 | 00 01 02 03 04 05 06 07 08 09 0a 0b 0c  |  -44
14:13:11.932 | 00 01 02 03 04 05 06 07 08 09 0a 0b 0c  |  -44
14:13:12.168 | 00 01 02 03 04 05 06 07 08 09 0a 0b 0c  |  -44
14:13:12.404 | 00 01 02 03 04 05 06 07 08 09 0a 0b 0c  |  -44
14:13:12.648 | 00 01 02 03 04 05 06 07 08 09 0a 0b 0c  |  -44
14:13:12.863 | 00 01 02 03 04 05 06 07 08 09 0a 0b 0c  |  -44
14:13:13.098 | 00 01 02 03 04 05 06 07 08 09 0a 0b 0c  |  -44
14:13:13.318 | 00 01 02 03 04 05 06 07 08 09 0a 0b 0c  |  -44
14:13:13.586 | 00 01 02 03 04 05 06 07 08 09 0a 0b 0c  |  -44
14:13:13.808 | 00 01 02 03 04 05 06 07 08 09 0a 0b 0c  |  -44
14:13:14.044 | 00 01 02 03 04 05 06 07 08 09 0a 0b 0c  |  -44
14:13:14.297 | 00 01 02 03 04 05 06 07 08 09 0a 0b 0c  |  -44
14:13:14.517 | 00 01 02 03 04 05 06 07 08 09 0a 0b 0c  |  -43
14:13:14.753 | 00 01 02 03 04 05 06 07 08 09 0a 0b 0c  |  -44
14:13:15.005 | 00 01 02 03 04 05 06 07 08 09 0a 0b 0c  |  -44
14:13:15.227 | 00 01 02 03 04 05 06 07 08 09 0a 0b 0c  |  -44
14:13:15.453 | 00 01 02 03 04 05 06 07 08 09 0a 0b 0c  |  -44
14:13:15.699 | 00 01 02 03 04 05 06 07 08 09 0a 0b 0c  |  -44
14:13:15.935 | 00 01 02 03 04 05 06 07 08 09 0a 0b 0c  |  -44
14:13:16.171 | 00 01 02 03 04 05 06 07 08 09 0a 0b 0c  |  -44
14:13:16.407 | 00 01 02 03 04 05 06 07 08 09 0a 0b 0c  |  -44
14:13:16.648 | 00 01 02 03 04 05 06 07 08 09 0a 0b 0c  |  -44
14:13:16.881 | 00 01 02 03 04 05 06 07 08 09 0a 0b 0c  |  -44
14:13:17.120 | 00 01 02 03 04 05 06 07 08 09 0a 0b 0c  |  -44
14:13:17.373 | 00 01 02 03 04 05 06 07 08 09 0a 0b 0c  |  -44
14:13:17.617 | 00 01 02 03 04 05 06 07 08 09 0a 0b 0c  |  -44
14:13:17.880 | 00 01 02 03 04 05 06 07 08 09 0a 0b 0c  |  -44
14:13:18.121 | 00 01 02 03 04 05 06 07 08 09 0a 0b 0c  |  -44
14:13:18.351 | 00 01 02 03 04 05 06 07 08 09 0a 0b 0c  |  -44
14:13:18.573 | 00 01 02 03 04 05 06 07 08 09 0a 0b 0c  |  -44
14:13:18.811 | 00 01 02 03 04 05 06 07 08 09 0a 0b 0c  |  -44
14:13:19.069 | 00 01 02 03 04 05 06 07 08 09 0a 0b 0c  |  -44
14:13:19.284 | 00 01 02 03 04 05 06 07 08 09 0a 0b 0c  |  -44
14:13:19.536 | 00 01 02 03 04 05 06 07 08 09 0a 0b 0c  |  -44
14:13:19.791 | 00 01 02 03 04 05 06 07 08 09 0a 0b 0c  |  -44
14:13:20.023 | 00 01 02 03 04 05 06 07 08 09 0a 0b 0c  |  -44
14:13:20.244 | 00 01 02 03 04 05 06 07 08 09 0a 0b 0c  |  -44
14:13:20.477 | 00 01 02 03 04 05 06 07 08 09 0a 0b 0c  |  -44
14:13:20.689 | 00 01 02 03 04 05 06 07 08 09 0a 0b 0c  |  -45
14:13:20.934 | 00 01 02 03 04 05 06 07 08 09 0a 0b 0c  |  -45
14:13:21.171 | 00 01 02 03 04 05 06 07 08 09 0a 0b 0c  |  -44
14:13:21.434 | 00 01 02 03 04 05 06 07 08 09 0a 0b 0c  |  -44
14:13:21.648 | 00 01 02 03 04 05 06 07 08 09 0a 0b 0c  |  -44
14:13:21.884 | 00 01 02 03 04 05 06 07 08 09 0a 0b 0c  |  -44
14:13:22.126 | 00 01 02 03 04 05 06 07 08 09 0a 0b 0c  |  -44
14:13:22.421 | 00 01 02 03 04 05 06 07 08 09 0a 0b 0c  |  -44
14:13:22.609 | 00 01 02 03 04 05 06 07 08 09 0a 0b 0c  |  -44
14:13:22.841 | 00 01 02 03 04 05 06 07 08 09 0a 0b 0c  |  -44
14:13:23.068 | 00 01 02 03 04 05 06 07 08 09 0a 0b 0c  |  -44
14:13:23.297 | 00 01 02 03 04 05 06 07 08 09 0a 0b 0c  |  -44
14:13:23.543 | 00 01 02 03 04 05 06 07 08 09 0a 0b 0c  |  -44
14:13:23.784 | 00 01 02 03 04 05 06 07 08 09 0a 0b 0c  |  -44
14:13:24.020 | 00 01 02 03 04 05 06 07 08 09 0a 0b 0c  |  -44
14:13:24.264 | 00 01 02 03 04 05 06 07 08 09 0a 0b 0c  |  -44
14:13:24.484 | 00 01 02 03 04 05 06 07 08 09 0a 0b 0c  |  -44
14:13:24.704 | 00 01 02 03 04 05 06 07 08 09 0a 0b 0c  |  -44
14:13:24.939 | 00 01 02 03 04 05 06 07 08 09 0a 0b 0c  |  -44
14:13:25.175 | 00 01 02 03 04 05 06 07 08 09 0a 0b 0c  |  -44
14:13:25.437 | 00 01 02 03 04 05 06 07 08 09 0a 0b 0c  |  -44
14:13:25.663 | 00 01 02 03 04 05 06 07 08 09 0a 0b 0c  |  -45
14:13:25.884 | 00 01 02 03 04 05 06 07 08 09 0a 0b 0c  |  -44
14:13:26.100 | 00 01 02 03 04 05 06 07 08 09 0a 0b 0c  |  -44
14:13:26.336 | 00 01 02 03 04 05 06 07 08 09 0a 0b 0c  |  -45
14:13:26.573 | 00 01 02 03 04 05 06 07 08 09 0a 0b 0c  |  -44
14:13:26.826 | 00 01 02 03 04 05 06 07 08 09 0a 0b 0c  |  -44
14:13:27.062 | 00 01 02 03 04 05 06 07 08 09 0a 0b 0c  |  -44
14:13:27.304 | 00 01 02 03 04 05 06 07 08 09 0a 0b 0c  |  -45
14:13:27.528 | 00 01 02 03 04 05 06 07 08 09 0a 0b 0c  |  -45
14:13:27.749 | 00 01 02 03 04 05 06 07 08 09 0a 0b 0c  |  -44
14:13:27.987 | 00 01 02 03 04 05 06 07 08 09 0a 0b 0c  |  -45
14:13:28.227 | 00 01 02 03 04 05 06 07 08 09 0a 0b 0c  |  -45
14:13:28.472 | 00 01 02 03 04 05 06 07 08 09 0a 0b 0c  |  -45
14:13:28.708 | 00 01 02 03 04 05 06 07 08 09 0a 0b 0c  |  -45
14:13:28.934 | 00 01 02 03 04 05 06 07 08 09 0a 0b 0c  |  -45
14:13:29.176 | 00 01 02 03 04 05 06 07 08 09 0a 0b 0c  |  -45
14:13:29.402 | 00 01 02 03 04 05 06 07 08 09 0a 0b 0c  |  -45
14:13:29.653 | 00 01 02 03 04 05 06 07 08 09 0a 0b 0c  |  -45
14:13:29.858 | 00 01 02 03 04 05 06 07 08 09 0a 0b 0c  |  -45
14:13:30.110 | 00 01 02 03 04 05 06 07 08 09 0a 0b 0c  |  -45
14:13:30.332 | 00 01 02 03 04 05 06 07 08 09 0a 0b 0c  |  -45
14:13:30.591 | 00 01 02 03 04 05 06 07 08 09 0a 0b 0c  |  -45
14:13:30.837 | 00 01 02 03 04 05 06 07 08 09 0a 0b 0c  |  -45
14:13:31.058 | 00 01 02 03 04 05 06 07 08 09 0a 0b 0c  |  -45
14:13:31.294 | 00 01 02 03 04 05 06 07 08 09 0a 0b 0c  |  -45
14:13:31.545 | 00 01 02 03 04 05 06 07 08 09 0a 0b 0c  |  -45
14:13:31.752 | 00 01 02 03 04 05 06 07 08 09 0a 0b 0c  |  -45
14:13:32.015 | 00 01 02 03 04 05 06 07 08 09 0a 0b 0c  |  -44
14:13:32.252 | 00 01 02 03 04 05 06 07 08 09 0a 0b 0c  |  -44
14:13:32.478 | 00 01 02 03 04 05 06 07 08 09 0a 0b 0c  |  -44
14:13:32.710 | 00 01 02 03 04 05 06 07 08 09 0a 0b 0c  |  -44
14:13:32.944 | 00 01 02 03 04 05 06 07 08 09 0a 0b 0c  |  -45
14:13:33.173 | 00 01 02 03 04 05 06 07 08 09 0a 0b 0c  |  -45
14:13:33.408 | 00 01 02 03 04 05 06 07 08 09 0a 0b 0c  |  -45
14:13:33.662 | 00 01 02 03 04 05 06 07 08 09 0a 0b 0c  |  -45
14:13:33.885 | 00 01 02 03 04 05 06 07 08 09 0a 0b 0c  |  -45
14:13:34.116 | 00 01 02 03 04 05 06 07 08 09 0a 0b 0c  |  -45
14:13:34.351 | 00 01 02 03 04 05 06 07 08 09 0a 0b 0c  |  -45
14:13:34.587 | 00 01 02 03 04 05 06 07 08 09 0a 0b 0c  |  -45
14:13:34.808 | 00 01 02 03 04 05 06 07 08 09 0a 0b 0c  |  -45
14:13:35.027 | 00 01 02 03 04 05 06 07 08 09 0a 0b 0c  |  -45
14:13:35.251 | 00 01 02 03 04 05 06 07 08 09 0a 0b 0c  |  -45
14:13:35.487 | 00 01 02 03 04 05 06 07 08 09 0a 0b 0c  |  -45
14:13:35.714 | 00 01 02 03 04 05 06 07 08 09 0a 0b 0c  |  -45
14:13:35.947 | 00 01 02 03 04 05 06 07 08 09 0a 0b 0c  |  -45
14:13:36.180 | 00 01 02 03 04 05 06 07 08 09 0a 0b 0c  |  -45
14:13:36.434 | 00 01 02 03 04 05 06 07 08 09 0a 0b 0c  |  -45
14:13:36.653 | 00 01 02 03 04 05 06 07 08 09 0a 0b 0c  |  -45
14:13:36.873 | 00 01 02 03 04 05 06 07 08 09 0a 0b 0c  |  -45
14:13:37.111 | 00 01 02 03 04 05 06 07 08 09 0a 0b 0c  |  -45
14:13:37.332 | 00 01 02 03 04 05 06 07 08 09 0a 0b 0c  |  -45
14:13:37.584 | 00 01 02 03 04 05 06 07 08 09 0a 0b 0c  |  -45
14:13:37.806 | 00 01 02 03 04 05 06 07 08 09 0a 0b 0c  |  -46
14:13:38.060 | 00 01 02 03 04 05 06 07 08 09 0a 0b 0c  |  -45
14:13:38.293 | 00 01 02 03 04 05 06 07 08 09 0a 0b 0c  |  -44
14:13:38.517 | 00 01 02 03 04 05 06 07 08 09 0a 0b 0c  |  -44
14:13:38.737 | 00 01 02 03 04 05 06 07 08 09 0a 0b 0c  |  -44
14:13:38.994 | 00 01 02 03 04 05 06 07 08 09 0a 0b 0c  |  -44
14:13:39.238 | 00 01 02 03 04 05 06 07 08 09 0a 0b 0c  |  -44
14:13:39.482 | 00 01 02 03 04 05 06 07 08 09 0a 0b 0c  |  -44
14:13:39.717 | 00 01 02 03 04 05 06 07 08 09 0a 0b 0c  |  -44
14:13:39.937 | 00 01 02 03 04 05 06 07 08 09 0a 0b 0c  |  -44
14:13:40.173 | 00 01 02 03 04 05 06 07 08 09 0a 0b 0c  |  -44
14:13:40.408 | 00 01 02 03 04 05 06 07 08 09 0a 0b 0c  |  -44
14:13:40.628 | 00 01 02 03 04 05 06 07 08 09 0a 0b 0c  |  -44
14:13:40.864 | 00 01 02 03 04 05 06 07 08 09 0a 0b 0c  |  -44
14:13:41.115 | 00 01 02 03 04 05 06 07 08 09 0a 0b 0c  |  -44
14:13:41.351 | 00 01 02 03 04 05 06 07 08 09 0a 0b 0c  |  -43
14:13:41.571 | 00 01 02 03 04 05 06 07 08 09 0a 0b 0c  |  -44
14:13:41.807 | 00 01 02 03 04 05 06 07 08 09 0a 0b 0c  |  -44
14:13:42.042 | 00 01 02 03 04 05 06 07 08 09 0a 0b 0c  |  -44
14:13:42.289 | 00 01 02 03 04 05 06 07 08 09 0a 0b 0c  |  -44
14:13:42.525 | 00 01 02 03 04 05 06 07 08 09 0a 0b 0c  |  -44
14:13:42.746 | 00 01 02 03 04 05 06 07 08 09 0a 0b 0c  |  -44
14:13:42.998 | 00 01 02 03 04 05 06 07 08 09 0a 0b 0c  |  -44
14:13:43.230 | 00 01 02 03 04 05 06 07 08 09 0a 0b 0c  |  -44
14:13:43.462 | 00 01 02 03 04 05 06 07 08 09 0a 0b 0c  |  -44
14:13:43.702 | 00 01 02 03 04 05 06 07 08 09 0a 0b 0c  |  -44
14:13:43.923 | 00 01 02 03 04 05 06 07 08 09 0a 0b 0c  |  -44
14:13:44.159 | 00 01 02 03 04 05 06 07 08 09 0a 0b 0c  |  -44
14:13:44.386 | 00 01 02 03 04 05 06 07 08 09 0a 0b 0c  |  -44
14:13:44.601 | 00 01 02 03 04 05 06 07 08 09 0a 0b 0c  |  -44
14:13:44.826 | 00 01 02 03 04 05 06 07 08 09 0a 0b 0c  |  -43
14:13:45.057 | 00 01 02 03 04 05 06 07 08 09 0a 0b 0c  |  -44
14:13:45.277 | 00 01 02 03 04 05 06 07 08 09 0a 0b 0c  |  -44
14:13:45.514 | 00 01 02 03 04 05 06 07 08 09 0a 0b 0c  |  -44
14:13:45.742 | 00 01 02 03 04 05 06 07 08 09 0a 0b 0c  |  -44
14:13:45.979 | 00 01 02 03 04 05 06 07 08 09 0a 0b 0c  |  -43
14:13:46.218 | 00 01 02 03 04 05 06 07 08 09 0a 0b 0c  |  -44
14:13:46.435 | 00 01 02 03 04 05 06 07 08 09 0a 0b 0c  |  -44
14:13:46.660 | 00 01 02 03 04 05 06 07 08 09 0a 0b 0c  |  -43
14:13:46.893 | 00 01 02 03 04 05 06 07 08 09 0a 0b 0c  |  -43
14:13:47.126 | 00 01 02 03 04 05 06 07 08 09 0a 0b 0c  |  -43
14:13:47.367 | 00 01 02 03 04 05 06 07 08 09 0a 0b 0c  |  -43
14:13:47.598 | 00 01 02 03 04 05 06 07 08 09 0a 0b 0c  |  -43
14:13:47.823 | 00 01 02 03 04 05 06 07 08 09 0a 0b 0c  |  -44
14:13:48.048 | 00 01 02 03 04 05 06 07 08 09 0a 0b 0c  |  -44
14:13:48.280 | 00 01 02 03 04 05 06 07 08 09 0a 0b 0c  |  -44
14:13:48.533 | 00 01 02 03 04 05 06 07 08 09 0a 0b 0c  |  -44
14:13:48.769 | 00 01 02 03 04 05 06 07 08 09 0a 0b 0c  |  -44
14:13:49.005 | 00 01 02 03 04 05 06 07 08 09 0a 0b 0c  |  -44
14:13:49.242 | 00 01 02 03 04 05 06 07 08 09 0a 0b 0c  |  -44
14:13:49.495 | 00 01 02 03 04 05 06 07 08 09 0a 0b 0c  |  -44
14:13:49.734 | 00 01 02 03 04 05 06 07 08 09 0a 0b 0c  |  -44
14:13:49.967 | 00 01 02 03 04 05 06 07 08 09 0a 0b 0c  |  -44
14:13:50.202 | 00 01 02 03 04 05 06 07 08 09 0a 0b 0c  |  -44
14:13:50.501 | 00 01 02 03 04 05 06 07 08 09 0a 0b 0c  |  -44
14:13:50.706 | 00 01 02 03 04 05 06 07 08 09 0a 0b 0c  |  -43
14:13:50.942 | 00 01 02 03 04 05 06 07 08 09 0a 0b 0c  |  -44
14:13:51.194 | 00 01 02 03 04 05 06 07 08 09 0a 0b 0c  |  -44
14:13:51.414 | 00 01 02 03 04 05 06 07 08 09 0a 0b 0c  |  -44
14:13:51.671 | 00 01 02 03 04 05 06 07 08 09 0a 0b 0c  |  -44
14:13:51.904 | 00 01 02 03 04 05 06 07 08 09 0a 0b 0c  |  -43
14:13:52.132 | 00 01 02 03 04 05 06 07 08 09 0a 0b 0c  |  -43
14:13:52.376 | 00 01 02 03 04 05 06 07 08 09 0a 0b 0c  |  -44
14:13:52.621 | 00 01 02 03 04 05 06 07 08 09 0a 0b 0c  |  -44
14:13:52.859 | 00 01 02 03 04 05 06 07 08 09 0a 0b 0c  |  -44
14:13:53.112 | 00 01 02 03 04 05 06 07 08 09 0a 0b 0c  |  -44
14:13:53.353 | 00 01 02 03 04 05 06 07 08 09 0a 0b 0c  |  -44
14:13:53.590 | 00 01 02 03 04 05 06 07 08 09 0a 0b 0c  |  -44
14:13:53.825 | 00 01 02 03 04 05 06 07 08 09 0a 0b 0c  |  -43
14:13:54.061 | 00 01 02 03 04 05 06 07 08 09 0a 0b 0c  |  -44
14:13:54.281 | 00 01 02 03 04 05 06 07 08 09 0a 0b 0c  |  -43
14:13:54.533 | 00 01 02 03 04 05 06 07 08 09 0a 0b 0c  |  -43
14:13:54.769 | 00 01 02 03 04 05 06 07 08 09 0a 0b 0c  |  -43
14:13:55.004 | 00 01 02 03 04 05 06 07 08 09 0a 0b 0c  |  -43
14:13:55.241 | 00 01 02 03 04 05 06 07 08 09 0a 0b 0c  |  -43
14:13:55.476 | 00 01 02 03 04 05 06 07 08 09 0a 0b 0c  |  -43
14:13:55.701 | 00 01 02 03 04 05 06 07 08 09 0a 0b 0c  |  -44
14:13:55.922 | 00 01 02 03 04 05 06 07 08 09 0a 0b 0c  |  -44
14:13:56.176 | 00 01 02 03 04 05 06 07 08 09 0a 0b 0c  |  -44
14:13:56.396 | 00 01 02 03 04 05 06 07 08 09 0a 0b 0c  |  -44
14:13:56.647 | 00 01 02 03 04 05 06 07 08 09 0a 0b 0c  |  -44
14:13:56.890 | 00 01 02 03 04 05 06 07 08 09 0a 0b 0c  |  -43
14:13:57.105 | 00 01 02 03 04 05 06 07 08 09 0a 0b 0c  |  -43
14:13:57.341 | 00 01 02 03 04 05 06 07 08 09 0a 0b 0c  |  -43
14:13:57.577 | 00 01 02 03 04 05 06 07 08 09 0a 0b 0c  |  -43
14:13:57.814 | 00 01 02 03 04 05 06 07 08 09 0a 0b 0c  |  -43
14:13:58.050 | 00 01 02 03 04 05 06 07 08 09 0a 0b 0c  |  -43
14:13:58.295 | 00 01 02 03 04 05 06 07 08 09 0a 0b 0c  |  -43
14:13:58.508 | 00 01 02 03 04 05 06 07 08 09 0a 0b 0c  |  -43
14:13:58.744 | 00 01 02 03 04 05 06 07 08 09 0a 0b 0c  |  -43
14:13:58.993 | 00 01 02 03 04 05 06 07 08 09 0a 0b 0c  |  -43
14:13:59.215 | 00 01 02 03 04 05 06 07 08 09 0a 0b 0c  |  -43
14:13:59.451 | 00 01 02 03 04 05 06 07 08 09 0a 0b 0c  |  -43
14:13:59.698 | 00 01 02 03 04 05 06 07 08 09 0a 0b 0c  |  -43
14:13:59.919 | 00 01 02 03 04 05 06 07 08 09 0a 0b 0c  |  -43
14:14:00.154 | 00 01 02 03 04 05 06 07 08 09 0a 0b 0c  |  -44
14:14:00.390 | 00 01 02 03 04 05 06 07 08 09 0a 0b 0c  |  -44
14:14:00.626 | 00 01 02 03 04 05 06 07 08 09 0a 0b 0c  |  -44
14:14:00.848 | 00 01 02 03 04 05 06 07 08 09 0a 0b 0c  |  -43
14:14:01.083 | 00 01 02 03 04 05 06 07 08 09 0a 0b 0c  |  -43
14:14:01.318 | 00 01 02 03 04 05 06 07 08 09 0a 0b 0c  |  -43
14:14:01.559 | 00 01 02 03 04 05 06 07 08 09 0a 0b 0c  |  -43
14:14:01.808 | 00 01 02 03 04 05 06 07 08 09 0a 0b 0c  |  -43
14:14:02.060 | 00 01 02 03 04 05 06 07 08 09 0a 0b 0c  |  -43
14:14:02.296 | 00 01 02 03 04 05 06 07 08 09 0a 0b 0c  |  -43
14:14:02.532 | 00 01 02 03 04 05 06 07 08 09 0a 0b 0c  |  -43
14:14:02.752 | 00 01 02 03 04 05 06 07 08 09 0a 0b 0c  |  -44
14:14:02.989 | 00 01 02 03 04 05 06 07 08 09 0a 0b 0c  |  -43
14:14:03.225 | 00 01 02 03 04 05 06 07 08 09 0a 0b 0c  |  -44
14:14:03.461 | 00 01 02 03 04 05 06 07 08 09 0a 0b 0c  |  -44
14:14:03.700 | 00 01 02 03 04 05 06 07 08 09 0a 0b 0c  |  -44
14:14:03.947 | 00 01 02 03 04 05 06 07 08 09 0a 0b 0c  |  -44
14:14:04.181 | 00 01 02 03 04 05 06 07 08 09 0a 0b 0c  |  -44
14:14:04.417 | 00 01 02 03 04 05 06 07 08 09 0a 0b 0c  |  -44
14:14:04.653 | 00 01 02 03 04 05 06 07 08 09 0a 0b 0c  |  -44
14:14:04.873 | 00 01 02 03 04 05 06 07 08 09 0a 0b 0c  |  -44
14:14:05.124 | 00 01 02 03 04 05 06 07 08 09 0a 0b 0c  |  -44
14:14:05.344 | 00 01 02 03 04 05 06 07 08 09 0a 0b 0c  |  -44
14:14:05.569 | 00 01 02 03 04 05 06 07 08 09 0a 0b 0c  |  -44
14:14:05.793 | 00 01 02 03 04 05 06 07 08 09 0a 0b 0c  |  -44
14:14:06.022 | 00 01 02 03 04 05 06 07 08 09 0a 0b 0c  |  -44
14:14:06.259 | 00 01 02 03 04 05 06 07 08 09 0a 0b 0c  |  -44
14:14:06.505 | 00 01 02 03 04 05 06 07 08 09 0a 0b 0c  |  -44
14:14:06.731 | 00 01 02 03 04 05 06 07 08 09 0a 0b 0c  |  -44
14:14:06.975 | 00 01 02 03 04 05 06 07 08 09 0a 0b 0c  |  -44
14:14:07.211 | 00 01 02 03 04 05 06 07 08 09 0a 0b 0c  |  -44
14:14:07.457 | 00 01 02 03 04 05 06 07 08 09 0a 0b 0c  |  -44
14:14:07.688 | 00 01 02 03 04 05 06 07 08 09 0a 0b 0c  |  -44
14:14:07.923 | 00 01 02 03 04 05 06 07 08 09 0a 0b 0c  |  -44
14:14:08.159 | 00 01 02 03 04 05 06 07 08 09 0a 0b 0c  |  -44
14:14:08.391 | 00 01 02 03 04 05 06 07 08 09 0a 0b 0c  |  -43
14:14:08.625 | 00 01 02 03 04 05 06 07 08 09 0a 0b 0c  |  -44
14:14:08.864 | 00 01 02 03 04 05 06 07 08 09 0a 0b 0c  |  -44
14:14:09.084 | 00 01 02 03 04 05 06 07 08 09 0a 0b 0c  |  -44
14:14:09.335 | 00 01 02 03 04 05 06 07 08 09 0a 0b 0c  |  -44
14:14:09.571 | 00 01 02 03 04 05 06 07 08 09 0a 0b 0c  |  -44
14:14:09.807 | 00 01 02 03 04 05 06 07 08 09 0a 0b 0c  |  -44
14:14:10.043 | 00 01 02 03 04 05 06 07 08 09 0a 0b 0c  |  -44
14:14:10.266 | 00 01 02 03 04 05 06 07 08 09 0a 0b 0c  |  -44
14:14:10.523 | 00 01 02 03 04 05 06 07 08 09 0a 0b 0c  |  -44
14:14:10.744 | 00 01 02 03 04 05 06 07 08 09 0a 0b 0c  |  -44
14:14:10.977 | 00 01 02 03 04 05 06 07 08 09 0a 0b 0c  |  -44
14:14:11.198 | 00 01 02 03 04 05 06 07 08 09 0a 0b 0c  |  -43
14:14:11.434 | 00 01 02 03 04 05 06 07 08 09 0a 0b 0c  |  -44
14:14:11.669 | 00 01 02 03 04 05 06 07 08 09 0a 0b 0c  |  -44
14:14:11.907 | 00 01 02 03 04 05 06 07 08 09 0a 0b 0c  |  -43
14:14:12.141 | 00 01 02 03 04 05 06 07 08 09 0a 0b 0c  |  -44
14:14:12.392 | 00 01 02 03 04 05 06 07 08 09 0a 0b 0c  |  -44
14:14:12.612 | 00 01 02 03 04 05 06 07 08 09 0a 0b 0c  |  -44
14:14:12.881 | 00 01 02 03 04 05 06 07 08 09 0a 0b 0c  |  -44
14:14:13.115 | 00 01 02 03 04 05 06 07 08 09 0a 0b 0c  |  -44
14:14:13.343 | 00 01 02 03 04 05 06 07 08 09 0a 0b 0c  |  -44
14:14:13.564 | 00 01 02 03 04 05 06 07 08 09 0a 0b 0c  |  -44
14:14:13.800 | 00 01 02 03 04 05 06 07 08 09 0a 0b 0c  |  -44
14:14:14.036 | 00 01 02 03 04 05 06 07 08 09 0a 0b 0c  |  -44
14:14:14.268 | 00 01 02 03 04 05 06 07 08 09 0a 0b 0c  |  -44
14:14:14.488 | 00 01 02 03 04 05 06 07 08 09 0a 0b 0c  |  -44
14:14:14.724 | 00 01 02 03 04 05 06 07 08 09 0a 0b 0c  |  -44
14:14:14.978 | 00 01 02 03 04 05 06 07 08 09 0a 0b 0c  |  -44
14:14:15.212 | 00 01 02 03 04 05 06 07 08 09 0a 0b 0c  |  -44
14:14:15.448 | 00 01 02 03 04 05 06 07 08 09 0a 0b 0c  |  -44
14:14:15.676 | 00 01 02 03 04 05 06 07 08 09 0a 0b 0c  |  -44
14:14:15.897 | 00 01 02 03 04 05 06 07 08 09 0a 0b 0c  |  -44
14:14:16.133 | 00 01 02 03 04 05 06 07 08 09 0a 0b 0c  |  -44
14:14:16.370 | 00 01 02 03 04 05 06 07 08 09 0a 0b 0c  |  -44
14:14:16.623 | 00 01 02 03 04 05 06 07 08 09 0a 0b 0c  |  -44
14:14:16.876 | 00 01 02 03 04 05 06 07 08 09 0a 0b 0c  |  -44
14:14:17.128 | 00 01 02 03 04 05 06 07 08 09 0a 0b 0c  |  -44
14:14:17.365 | 00 01 02 03 04 05 06 07 08 09 0a 0b 0c  |  -44
14:14:17.590 | 00 01 02 03 04 05 06 07 08 09 0a 0b 0c  |  -44
14:14:17.821 | 00 01 02 03 04 05 06 07 08 09 0a 0b 0c  |  -44
14:14:18.056 | 00 01 02 03 04 05 06 07 08 09 0a 0b 0c  |  -44
14:14:18.276 | 00 01 02 03 04 05 06 07 08 09 0a 0b 0c  |  -44
14:14:18.520 | 00 01 02 03 04 05 06 07 08 09 0a 0b 0c  |  -44
14:14:18.804 | 00 01 02 03 04 05 06 07 08 09 0a 0b 0c  |  -44
14:14:18.974 | 00 01 02 03 04 05 06 07 08 09 0a 0b 0c  |  -44
14:14:19.193 | 00 01 02 03 04 05 06 07 08 09 0a 0b 0c  |  -44
14:14:19.429 | 00 01 02 03 04 05 06 07 08 09 0a 0b 0c  |  -44
14:14:19.665 | 00 01 02 03 04 05 06 07 08 09 0a 0b 0c  |  -44
14:14:19.902 | 00 01 02 03 04 05 06 07 08 09 0a 0b 0c  |  -44
14:14:20.146 | 00 01 02 03 04 05 06 07 08 09 0a 0b 0c  |  -44
14:14:20.376 | 00 01 02 03 04 05 06 07 08 09 0a 0b 0c  |  -44
14:14:20.607 | 00 01 02 03 04 05 06 07 08 09 0a 0b 0c  |  -44
14:14:20.819 | 00 01 02 03 04 05 06 07 08 09 0a 0b 0c  |  -44
14:14:21.054 | 00 01 02 03 04 05 06 07 08 09 0a 0b 0c  |  -44
14:14:21.307 | 00 01 02 03 04 05 06 07 08 09 0a 0b 0c  |  -44
14:14:21.546 | 00 01 02 03 04 05 06 07 08 09 0a 0b 0c  |  -44
14:14:21.783 | 00 01 02 03 04 05 06 07 08 09 0a 0b 0c  |  -44
14:14:22.004 | 00 01 02 03 04 05 06 07 08 09 0a 0b 0c  |  -44
14:14:22.251 | 00 01 02 03 04 05 06 07 08 09 0a 0b 0c  |  -44
14:14:22.480 | 00 01 02 03 04 05 06 07 08 09 0a 0b 0c  |  -44
14:14:22.717 | 00 01 02 03 04 05 06 07 08 09 0a 0b 0c  |  -43
14:14:22.953 | 00 01 02 03 04 05 06 07 08 09 0a 0b 0c  |  -44
14:14:23.188 | 00 01 02 03 04 05 06 07 08 09 0a 0b 0c  |  -44
14:14:23.409 | 00 01 02 03 04 05 06 07 08 09 0a 0b 0c  |  -44
14:14:23.645 | 00 01 02 03 04 05 06 07 08 09 0a 0b 0c  |  -44
14:14:23.890 | 00 01 02 03 04 05 06 07 08 09 0a 0b 0c  |  -44
14:14:24.122 | 00 01 02 03 04 05 06 07 08 09 0a 0b 0c  |  -44
14:14:24.342 | 00 01 02 03 04 05 06 07 08 09 0a 0b 0c  |  -44
14:14:24.585 | 00 01 02 03 04 05 06 07 08 09 0a 0b 0c  |  -44
14:14:24.829 | 00 01 02 03 04 05 06 07 08 09 0a 0b 0c  |  -44
14:14:25.074 | 00 01 02 03 04 05 06 07 08 09 0a 0b 0c  |  -44
14:14:25.303 | 00 01 02 03 04 05 06 07 08 09 0a 0b 0c  |  -44
14:14:25.540 | 00 01 02 03 04 05 06 07 08 09 0a 0b 0c  |  -44
14:14:25.761 | 00 01 02 03 04 05 06 07 08 09 0a 0b 0c  |  -44
14:14:26.005 | 00 01 02 03 04 05 06 07 08 09 0a 0b 0c  |  -44
14:14:26.205 | 00 01 02 03 04 05 06 07 08 09 0a 0b 0c  |  -44
14:14:26.440 | 00 01 02 03 04 05 06 07 08 09 0a 0b 0c  |  -44
14:14:26.660 | 00 01 02 03 04 05 06 07 08 09 0a 0b 0c  |  -44
14:14:26.899 | 00 01 02 03 04 05 06 07 08 09 0a 0b 0c  |  -44
14:14:27.121 | 00 01 02 03 04 05 06 07 08 09 0a 0b 0c  |  -45
14:14:27.357 | 00 01 02 03 04 05 06 07 08 09 0a 0b 0c  |  -45
14:14:27.597 | 00 01 02 03 04 05 06 07 08 09 0a 0b 0c  |  -44
14:14:27.834 | 00 01 02 03 04 05 06 07 08 09 0a 0b 0c  |  -44
14:14:28.086 | 00 01 02 03 04 05 06 07 08 09 0a 0b 0c  |  -45
14:14:28.337 | 00 01 02 03 04 05 06 07 08 09 0a 0b 0c  |  -45
14:14:28.574 | 00 01 02 03 04 05 06 07 08 09 0a 0b 0c  |  -44
14:14:28.795 | 00 01 02 03 04 05 06 07 08 09 0a 0b 0c  |  -44
14:14:29.044 | 00 01 02 03 04 05 06 07 08 09 0a 0b 0c  |  -45
14:14:29.281 | 00 01 02 03 04 05 06 07 08 09 0a 0b 0c  |  -44
14:14:29.513 | 00 01 02 03 04 05 06 07 08 09 0a 0b 0c  |  -44
14:14:29.765 | 00 01 02 03 04 05 06 07 08 09 0a 0b 0c  |  -44
14:14:30.023 | 00 01 02 03 04 05 06 07 08 09 0a 0b 0c  |  -45
14:14:30.259 | 00 01 02 03 04 05 06 07 08 09 0a 0b 0c  |  -45
14:14:30.494 | 00 01 02 03 04 05 06 07 08 09 0a 0b 0c  |  -45
14:14:30.747 | 00 01 02 03 04 05 06 07 08 09 0a 0b 0c  |  -45
14:14:30.968 | 00 01 02 03 04 05 06 07 08 09 0a 0b 0c  |  -45
14:14:31.205 | 00 01 02 03 04 05 06 07 08 09 0a 0b 0c  |  -45
14:14:31.467 | 00 01 02 03 04 05 06 07 08 09 0a 0b 0c  |  -45
14:14:31.688 | 00 01 02 03 04 05 06 07 08 09 0a 0b 0c  |  -45
14:14:31.926 | 00 01 02 03 04 05 06 07 08 09 0a 0b 0c  |  -45
14:14:32.175 | 00 01 02 03 04 05 06 07 08 09 0a 0b 0c  |  -45
14:14:32.411 | 00 01 02 03 04 05 06 07 08 09 0a 0b 0c  |  -45
14:14:32.634 | 00 01 02 03 04 05 06 07 08 09 0a 0b 0c  |  -45
14:14:32.871 | 00 01 02 03 04 05 06 07 08 09 0a 0b 0c  |  -45
14:14:33.144 | 00 01 02 03 04 05 06 07 08 09 0a 0b 0c  |  -45
14:14:33.395 | 00 01 02 03 04 05 06 07 08 09 0a 0b 0c  |  -45
14:14:33.616 | 00 01 02 03 04 05 06 07 08 09 0a 0b 0c  |  -45
14:14:33.868 | 00 01 02 03 04 05 06 07 08 09 0a 0b 0c  |  -45
14:14:34.104 | 00 01 02 03 04 05 06 07 08 09 0a 0b 0c  |  -45
14:14:34.355 | 00 01 02 03 04 05 06 07 08 09 0a 0b 0c  |  -45
14:14:34.591 | 00 01 02 03 04 05 06 07 08 09 0a 0b 0c  |  -44
14:14:34.827 | 00 01 02 03 04 05 06 07 08 09 0a 0b 0c  |  -44
14:14:35.080 | 00 01 02 03 04 05 06 07 08 09 0a 0b 0c  |  -44
14:14:35.308 | 00 01 02 03 04 05 06 07 08 09 0a 0b 0c  |  -44
14:14:35.543 | 00 01 02 03 04 05 06 07 08 09 0a 0b 0c  |  -44
14:14:35.778 | 00 01 02 03 04 05 06 07 08 09 0a 0b 0c  |  -44
14:14:36.014 | 00 01 02 03 04 05 06 07 08 09 0a 0b 0c  |  -44
14:14:36.252 | 00 01 02 03 04 05 06 07 08 09 0a 0b 0c  |  -44
14:14:36.472 | 00 01 02 03 04 05 06 07 08 09 0a 0b 0c  |  -44
14:14:36.723 | 00 01 02 03 04 05 06 07 08 09 0a 0b 0c  |  -44
14:14:36.960 | 00 01 02 03 04 05 06 07 08 09 0a 0b 0c  |  -44
14:14:37.203 | 00 01 02 03 04 05 06 07 08 09 0a 0b 0c  |  -44
14:14:37.422 | 00 01 02 03 04 05 06 07 08 09 0a 0b 0c  |  -44
14:14:37.676 | 00 01 02 03 04 05 06 07 08 09 0a 0b 0c  |  -44
14:14:37.908 | 00 01 02 03 04 05 06 07 08 09 0a 0b 0c  |  -44
14:14:38.131 | 00 01 02 03 04 05 06 07 08 09 0a 0b 0c  |  -44
14:14:38.367 | 00 01 02 03 04 05 06 07 08 09 0a 0b 0c  |  -44
14:14:38.611 | 00 01 02 03 04 05 06 07 08 09 0a 0b 0c  |  -43
14:14:38.846 | 00 01 02 03 04 05 06 07 08 09 0a 0b 0c  |  -43
14:14:39.070 | 00 01 02 03 04 05 06 07 08 09 0a 0b 0c  |  -43
14:14:39.321 | 00 01 02 03 04 05 06 07 08 09 0a 0b 0c  |  -43
14:14:39.541 | 00 01 02 03 04 05 06 07 08 09 0a 0b 0c  |  -43
14:14:39.762 | 00 01 02 03 04 05 06 07 08 09 0a 0b 0c  |  -43
14:14:39.998 | 00 01 02 03 04 05 06 07 08 09 0a 0b 0c  |  -43
14:14:40.251 | 00 01 02 03 04 05 06 07 08 09 0a 0b 0c  |  -43
14:14:40.487 | 00 01 02 03 04 05 06 07 08 09 0a 0b 0c  |  -44
14:14:40.734 | 00 01 02 03 04 05 06 07 08 09 0a 0b 0c  |  -43
14:14:40.960 | 00 01 02 03 04 05 06 07 08 09 0a 0b 0c  |  -43
14:14:41.190 | 00 01 02 03 04 05 06 07 08 09 0a 0b 0c  |  -43
14:14:41.432 | 00 01 02 03 04 05 06 07 08 09 0a 0b 0c  |  -43
14:14:41.684 | 00 01 02 03 04 05 06 07 08 09 0a 0b 0c  |  -43
14:14:41.906 | 00 01 02 03 04 05 06 07 08 09 0a 0b 0c  |  -43
14:14:42.142 | 00 01 02 03 04 05 06 07 08 09 0a 0b 0c  |  -43
14:14:42.378 | 00 01 02 03 04 05 06 07 08 09 0a 0b 0c  |  -42
14:14:42.613 | 00 01 02 03 04 05 06 07 08 09 0a 0b 0c  |  -42
14:14:42.846 | 00 01 02 03 04 05 06 07 08 09 0a 0b 0c  |  -43
14:14:43.071 | 00 01 02 03 04 05 06 07 08 09 0a 0b 0c  |  -43
14:14:43.307 | 00 01 02 03 04 05 06 07 08 09 0a 0b 0c  |  -43
14:14:43.558 | 00 01 02 03 04 05 06 07 08 09 0a 0b 0c  |  -44
14:14:43.815 | 00 01 02 03 04 05 06 07 08 09 0a 0b 0c  |  -44
14:14:44.034 | 00 01 02 03 04 05 06 07 08 09 0a 0b 0c  |  -44
14:14:44.251 | 00 01 02 03 04 05 06 07 08 09 0a 0b 0c  |  -44
14:14:44.488 | 00 01 02 03 04 05 06 07 08 09 0a 0b 0c  |  -44
14:14:44.723 | 00 01 02 03 04 05 06 07 08 09 0a 0b 0c  |  -43
14:14:44.959 | 00 01 02 03 04 05 06 07 08 09 0a 0b 0c  |  -43
14:14:45.194 | 00 01 02 03 04 05 06 07 08 09 0a 0b 0c  |  -43
14:14:45.415 | 00 01 02 03 04 05 06 07 08 09 0a 0b 0c  |  -42
14:14:45.673 | 00 01 02 03 04 05 06 07 08 09 0a 0b 0c  |  -42
14:14:45.888 | 00 01 02 03 04 05 06 07 08 09 0a 0b 0c  |  -42
14:14:46.109 | 00 01 02 03 04 05 06 07 08 09 0a 0b 0c  |  -42
14:14:46.348 | 00 01 02 03 04 05 06 07 08 09 0a 0b 0c  |  -42
14:14:46.567 | 00 01 02 03 04 05 06 07 08 09 0a 0b 0c  |  -42
14:14:46.818 | 00 01 02 03 04 05 06 07 08 09 0a 0b 0c  |  -42
14:14:47.117 | 00 01 02 03 04 05 06 07 08 09 0a 0b 0c  |  -42
14:14:47.306 | 00 01 02 03 04 05 06 07 08 09 0a 0b 0c  |  -42
14:14:47.541 | 00 01 02 03 04 05 06 07 08 09 0a 0b 0c  |  -42
14:14:47.780 | 00 01 02 03 04 05 06 07 08 09 0a 0b 0c  |  -42
14:14:47.997 | 00 01 02 03 04 05 06 07 08 09 0a 0b 0c  |  -42
14:14:48.232 | 00 01 02 03 04 05 06 07 08 09 0a 0b 0c  |  -42
14:14:48.469 | 00 01 02 03 04 05 06 07 08 09 0a 0b 0c  |  -43
14:14:48.705 | 00 01 02 03 04 05 06 07 08 09 0a 0b 0c  |  -43
14:14:48.945 | 00 01 02 03 04 05 06 07 08 09 0a 0b 0c  |  -43
14:14:49.188 | 00 01 02 03 04 05 06 07 08 09 0a 0b 0c  |  -44
14:14:49.422 | 00 01 02 03 04 05 06 07 08 09 0a 0b 0c  |  -44
14:14:49.673 | 00 01 02 03 04 05 06 07 08 09 0a 0b 0c  |  -44
14:14:49.894 | 00 01 02 03 04 05 06 07 08 09 0a 0b 0c  |  -44
14:14:50.137 | 00 01 02 03 04 05 06 07 08 09 0a 0b 0c  |  -44
14:14:50.353 | 00 01 02 03 04 05 06 07 08 09 0a 0b 0c  |  -43
14:14:50.609 | 00 01 02 03 04 05 06 07 08 09 0a 0b 0c  |  -44
14:14:50.828 | 00 01 02 03 04 05 06 07 08 09 0a 0b 0c  |  -43
14:14:51.064 | 00 01 02 03 04 05 06 07 08 09 0a 0b 0c  |  -44
14:14:51.284 | 00 01 02 03 04 05 06 07 08 09 0a 0b 0c  |  -44
14:14:51.520 | 00 01 02 03 04 05 06 07 08 09 0a 0b 0c  |  -44
14:14:51.756 | 00 01 02 03 04 05 06 07 08 09 0a 0b 0c  |  -44
14:14:51.993 | 00 01 02 03 04 05 06 07 08 09 0a 0b 0c  |  -44
14:14:52.212 | 00 01 02 03 04 05 06 07 08 09 0a 0b 0c  |  -45
14:14:52.475 | 00 01 02 03 04 05 06 07 08 09 0a 0b 0c  |  -44
14:14:52.718 | 00 01 02 03 04 05 06 07 08 09 0a 0b 0c  |  -44
14:14:52.949 | 00 01 02 03 04 05 06 07 08 09 0a 0b 0c  |  -44
14:14:53.175 | 00 01 02 03 04 05 06 07 08 09 0a 0b 0c  |  -44
14:14:53.406 | 00 01 02 03 04 05 06 07 08 09 0a 0b 0c  |  -46
14:14:53.626 | 00 01 02 03 04 05 06 07 08 09 0a 0b 0c  |  -46
14:14:53.880 | 00 01 02 03 04 05 06 07 08 09 0a 0b 0c  |  -44
14:14:54.131 | 00 01 02 03 04 05 06 07 08 09 0a 0b 0c  |  -45
14:14:54.383 | 00 01 02 03 04 05 06 07 08 09 0a 0b 0c  |  -49
14:14:54.639 | 00 01 02 03 04 05 06 07 08 09 0a 0b 0c  |  -44
14:14:54.876 | 00 01 02 03 04 05 06 07 08 09 0a 0b 0c  |  -43
14:14:55.108 | 00 01 02 03 04 05 06 07 08 09 0a 0b 0c  |  -44
14:14:55.331 | 00 01 02 03 04 05 06 07 08 09 0a 0b 0c  |  -44
14:14:55.583 | 00 01 02 03 04 05 06 07 08 09 0a 0b 0c  |  -43
14:14:55.804 | 00 01 02 03 04 05 06 07 08 09 0a 0b 0c  |  -44
14:14:56.056 | 00 01 02 03 04 05 06 07 08 09 0a 0b 0c  |  -43
14:14:56.294 | 00 01 02 03 04 05 06 07 08 09 0a 0b 0c  |  -44
