13:46:43.589 | 00 01 02 03 04 05 06 07 08 09 0a 0b 0c  |  -30
13:46:43.826 | 00 01 02 03 04 05 06 07 08 09 0a 0b 0c  |  -30
13:46:44.062 | 00 01 02 03 04 05 06 07 08 09 0a 0b 0c  |  -30
13:46:44.308 | 00 01 02 03 04 05 06 07 08 09 0a 0b 0c  |  -30
13:46:44.521 | 00 01 02 03 04 05 06 07 08 09 0a 0b 0c  |  -30
13:46:44.763 | 00 01 02 03 04 05 06 07 08 09 0a 0b 0c  |  -30
13:46:44.997 | 00 01 02 03 04 05 06 07 08 09 0a 0b 0c  |  -30
13:46:45.234 | 00 01 02 03 04 05 06 07 08 09 0a 0b 0c  |  -30
13:46:45.470 | 00 01 02 03 04 05 06 07 08 09 0a 0b 0c  |  -30
13:46:45.706 | 00 01 02 03 04 05 06 07 08 09 0a 0b 0c  |  -30
13:46:45.926 | 00 01 02 03 04 05 06 07 08 09 0a 0b 0c  |  -30
13:46:46.194 | 00 01 02 03 04 05 06 07 08 09 0a 0b 0c  |  -31
13:46:46.415 | 00 01 02 03 04 05 06 07 08 09 0a 0b 0c  |  -31
13:46:46.667 | 00 01 02 03 04 05 06 07 08 09 0a 0b 0c  |  -31
13:46:46.903 | 00 01 02 03 04 05 06 07 08 09 0a 0b 0c  |  -30
13:46:47.141 | 00 01 02 03 04 05 06 07 08 09 0a 0b 0c  |  -30
13:46:47.358 | 00 01 02 03 04 05 06 07 08 09 0a 0b 0c  |  -30
13:46:47.581 | 00 01 02 03 04 05 06 07 08 09 0a 0b 0c  |  -30
13:46:47.821 | 00 01 02 03 04 05 06 07 08 09 0a 0b 0c  |  -30
13:46:48.041 | 00 01 02 03 04 05 06 07 08 09 0a 0b 0c  |  -31
13:46:48.261 | 00 01 02 03 04 05 06 07 08 09 0a 0b 0c  |  -30
13:46:48.496 | 00 01 02 03 04 05 06 07 08 09 0a 0b 0c  |  -30
13:46:48.738 | 00 01 02 03 04 05 06 07 08 09 0a 0b 0c  |  -29
13:46:48.969 | 00 01 02 03 04 05 06 07 08 09 0a 0b 0c  |  -29
13:46:49.205 | 00 01 02 03 04 05 06 07 08 09 0a 0b 0c  |  -30
13:46:49.442 | 00 01 02 03 04 05 06 07 08 09 0a 0b 0c  |  -30
13:46:49.662 | 00 01 02 03 04 05 06 07 08 09 0a 0b 0c  |  -29
13:46:49.893 | 00 01 02 03 04 05 06 07 08 09 0a 0b 0c  |  -32
13:46:50.148 | 00 01 02 03 04 05 06 07 08 09 0a 0b 0c  |  -31
13:46:50.366 | 00 01 02 03 04 05 06 07 08 09 0a 0b 0c  |  -29
13:46:50.618 | 00 01 02 03 04 05 06 07 08 09 0a 0b 0c  |  -30
13:46:50.853 | 00 01 02 03 04 05 06 07 08 09 0a 0b 0c  |  -30
13:46:51.073 | 00 01 02 03 04 05 06 07 08 09 0a 0b 0c  |  -30
13:46:51.317 | 00 01 02 03 04 05 06 07 08 09 0a 0b 0c  |  -30
13:46:51.555 | 00 01 02 03 04 05 06 07 08 09 0a 0b 0c  |  -30
13:46:51.790 | 00 01 02 03 04 05 06 07 08 09 0a 0b 0c  |  -30
13:46:52.026 | 00 01 02 03 04 05 06 07 08 09 0a 0b 0c  |  -30
13:46:52.247 | 00 01 02 03 04 05 06 07 08 09 0a 0b 0c  |  -30
13:46:52.493 | 00 01 02 03 04 05 06 07 08 09 0a 0b 0c  |  -30
13:46:52.740 | 00 01 02 03 04 05 06 07 08 09 0a 0b 0c  |  -30
13:46:52.963 | 00 01 02 03 04 05 06 07 08 09 0a 0b 0c  |  -30
13:46:53.184 | 00 01 02 03 04 05 06 07 08 09 0a 0b 0c  |  -30
13:46:53.437 | 00 01 02 03 04 05 06 07 08 09 0a 0b 0c  |  -30
13:46:53.657 | 00 01 02 03 04 05 06 07 08 09 0a 0b 0c  |  -30
13:46:53.901 | 00 01 02 03 04 05 06 07 08 09 0a 0b 0c  |  -30
13:46:54.133 | 00 01 02 03 04 05 06 07 08 09 0a 0b 0c  |  -30
13:46:54.371 | 00 01 02 03 04 05 06 07 08 09 0a 0b 0c  |  -30
13:46:54.623 | 00 01 02 03 04 05 06 07 08 09 0a 0b 0c  |  -30
13:46:54.844 | 00 01 02 03 04 05 06 07 08 09 0a 0b 0c  |  -30
13:46:55.063 | 00 01 02 03 04 05 06 07 08 09 0a 0b 0c  |  -30
13:46:55.307 | 00 01 02 03 04 05 06 07 08 09 0a 0b 0c  |  -30
13:46:55.542 | 00 01 02 03 04 05 06 07 08 09 0a 0b 0c  |  -30
13:46:55.771 | 00 01 02 03 04 05 06 07 08 09 0a 0b 0c  |  -30
13:46:56.007 | 00 01 02 03 04 05 06 07 08 09 0a 0b 0c  |  -30
13:46:56.232 | 00 01 02 03 04 05 06 07 08 09 0a 0b 0c  |  -30
13:46:56.477 | 00 01 02 03 04 05 06 07 08 09 0a 0b 0c  |  -30
13:46:56.689 | 00 01 02 03 04 05 06 07 08 09 0a 0b 0c  |  -30
13:46:56.939 | 00 01 02 03 04 05 06 07 08 09 0a 0b 0c  |  -31
13:46:57.155 | 00 01 02 03 04 05 06 07 08 09 0a 0b 0c  |  -30
13:46:57.384 | 00 01 02 03 04 05 06 07 08 09 0a 0b 0c  |  -30
13:46:57.608 | 00 01 02 03 04 05 06 07 08 09 0a 0b 0c  |  -30
13:46:57.845 | 00 01 02 03 04 05 06 07 08 09 0a 0b 0c  |  -30
13:46:58.076 | 00 01 02 03 04 05 06 07 08 09 0a 0b 0c  |  -29
13:46:58.280 | 00 01 02 03 04 05 06 07 08 09 0a 0b 0c  |  -27
13:46:58.531 | 00 01 02 03 04 05 06 07 08 09 0a 0b 0c  |  -32
13:46:58.751 | 00 01 02 03 04 05 06 07 08 09 0a 0b 0c  |  -30
13:46:58.987 | 00 01 02 03 04 05 06 07 08 09 0a 0b 0c  |  -27
13:46:59.223 | 00 01 02 03 04 05 06 07 08 09 0a 0b 0c  |  -27
13:46:59.451 | 00 01 02 03 04 05 06 07 08 09 0a 0b 0c  |  -27
13:46:59.679 | 00 01 02 03 04 05 06 07 08 09 0a 0b 0c  |  -28
13:46:59.899 | 00 01 02 03 04 05 06 07 08 09 0a 0b 0c  |  -27
13:47:00.133 | 00 01 02 03 04 05 06 07 08 09 0a 0b 0c  |  -29
13:47:00.357 | 00 01 02 03 04 05 06 07 08 09 0a 0b 0c  |  -30
13:47:00.591 | 00 01 02 03 04 05 06 07 08 09 0a 0b 0c  |  -30
13:47:00.823 | 00 01 02 03 04 05 06 07 08 09 0a 0b 0c  |  -30
13:47:01.038 | 00 01 02 03 04 05 06 07 08 09 0a 0b 0c  |  -31
13:47:01.259 | 00 01 02 03 04 05 06 07 08 09 0a 0b 0c  |  -31
13:47:01.479 | 00 01 02 03 04 05 06 07 08 09 0a 0b 0c  |  -30
13:47:01.716 | 00 01 02 03 04 05 06 07 08 09 0a 0b 0c  |  -31
13:47:01.949 | 00 01 02 03 04 05 06 07 08 09 0a 0b 0c  |  -30
13:47:02.168 | 00 01 02 03 04 05 06 07 08 09 0a 0b 0c  |  -30
13:47:02.377 | 00 01 02 03 04 05 06 07 08 09 0a 0b 0c  |  -32
13:47:02.612 | 00 01 02 03 04 05 06 07 08 09 0a 0b 0c  |  -32
13:47:02.840 | 00 01 02 03 04 05 06 07 08 09 0a 0b 0c  |  -31
13:47:03.070 | 00 01 02 03 04 05 06 07 08 09 0a 0b 0c  |  -32
13:47:03.290 | 00 01 02 03 04 05 06 07 08 09 0a 0b 0c  |  -32
13:47:03.526 | 00 01 02 03 04 05 06 07 08 09 0a 0b 0c  |  -30
13:47:03.773 | 00 01 02 03 04 05 06 07 08 09 0a 0b 0c  |  -31
13:47:03.999 | 00 01 02 03 04 05 06 07 08 09 0a 0b 0c  |  -31
13:47:04.235 | 00 01 02 03 04 05 06 07 08 09 0a 0b 0c  |  -31
13:47:04.490 | 00 01 02 03 04 05 06 07 08 09 0a 0b 0c  |  -31
13:47:04.725 | 00 01 02 03 04 05 06 07 08 09 0a 0b 0c  |  -31
13:47:04.952 | 00 01 02 03 04 05 06 07 08 09 0a 0b 0c  |  -31
13:47:05.205 | 00 01 02 03 04 05 06 07 08 09 0a 0b 0c  |  -32
13:47:05.437 | 00 01 02 03 04 05 06 07 08 09 0a 0b 0c  |  -32
13:47:05.671 | 00 01 02 03 04 05 06 07 08 09 0a 0b 0c  |  -32
13:47:05.907 | 00 01 02 03 04 05 06 07 08 09 0a 0b 0c  |  -33
13:47:06.140 | 00 01 02 03 04 05 06 07 08 09 0a 0b 0c  |  -32
13:47:06.373 | 00 01 02 03 04 05 06 07 08 09 0a 0b 0c  |  -32
13:47:06.610 | 00 01 02 03 04 05 06 07 08 09 0a 0b 0c  |  -31
13:47:06.831 | 00 01 02 03 04 05 06 07 08 09 0a 0b 0c  |  -32
13:47:07.049 | 00 01 02 03 04 05 06 07 08 09 0a 0b 0c  |  -32
13:47:07.269 | 00 01 02 03 04 05 06 07 08 09 0a 0b 0c  |  -32
13:47:07.490 | 00 01 02 03 04 05 06 07 08 09 0a 0b 0c  |  -32
13:47:07.741 | 00 01 02 03 04 05 06 07 08 09 0a 0b 0c  |  -31
13:47:07.978 | 00 01 02 03 04 05 06 07 08 09 0a 0b 0c  |  -32
13:47:08.230 | 00 01 02 03 04 05 06 07 08 09 0a 0b 0c  |  -31
13:47:08.487 | 00 01 02 03 04 05 06 07 08 09 0a 0b 0c  |  -31
13:47:08.705 | 00 01 02 03 04 05 06 07 08 09 0a 0b 0c  |  -31
13:47:08.943 | 00 01 02 03 04 05 06 07 08 09 0a 0b 0c  |  -31
13:47:09.173 | 00 01 02 03 04 05 06 07 08 09 0a 0b 0c  |  -31
13:47:09.399 | 00 01 02 03 04 05 06 07 08 09 0a 0b 0c  |  -31
13:47:09.660 | 00 01 02 03 04 05 06 07 08 09 0a 0b 0c  |  -31
13:47:09.871 | 00 01 02 03 04 05 06 07 08 09 0a 0b 0c  |  -31
13:47:10.091 | 00 01 02 03 04 05 06 07 08 09 0a 0b 0c  |  -31
13:47:10.311 | 00 01 02 03 04 05 06 07 08 09 0a 0b 0c  |  -31
13:47:10.567 | 00 01 02 03 04 05 06 07 08 09 0a 0b 0c  |  -31
13:47:10.784 | 00 01 02 03 04 05 06 07 08 09 0a 0b 0c  |  -31
13:47:10.988 | 00 01 02 03 04 05 06 07 08 09 0a 0b 0c  |  -31
13:47:11.239 | 00 01 02 03 04 05 06 07 08 09 0a 0b 0c  |  -31
13:47:11.532 | 00 01 02 03 04 05 06 07 08 09 0a 0b 0c  |  -31
13:47:11.721 | 00 01 02 03 04 05 06 07 08 09 0a 0b 0c  |  -31
13:47:11.944 | 00 01 02 03 04 05 06 07 08 09 0a 0b 0c  |  -31
13:47:12.195 | 00 01 02 03 04 05 06 07 08 09 0a 0b 0c  |  -31
13:47:12.414 | 00 01 02 03 04 05 06 07 08 09 0a 0b 0c  |  -31
13:47:12.683 | 00 01 02 03 04 05 06 07 08 09 0a 0b 0c  |  -31
13:47:12.903 | 00 01 02 03 04 05 06 07 08 09 0a 0b 0c  |  -31
13:47:13.123 | 00 01 02 03 04 05 06 07 08 09 0a 0b 0c  |  -31
13:47:13.344 | 00 01 02 03 04 05 06 07 08 09 0a 0b 0c  |  -31
13:47:13.569 | 00 01 02 03 04 05 06 07 08 09 0a 0b 0c  |  -31
13:47:13.830 | 00 01 02 03 04 05 06 07 08 09 0a 0b 0c  |  -31
13:47:14.049 | 00 01 02 03 04 05 06 07 08 09 0a 0b 0c  |  -31
13:47:14.257 | 00 01 02 03 04 05 06 07 08 09 0a 0b 0c  |  -31
13:47:14.509 | 00 01 02 03 04 05 06 07 08 09 0a 0b 0c  |  -31
13:47:14.731 | 00 01 02 03 04 05 06 07 08 09 0a 0b 0c  |  -31
13:47:14.972 | 00 01 02 03 04 05 06 07 08 09 0a 0b 0c  |  -31
13:47:15.210 | 00 01 02 03 04 05 06 07 08 09 0a 0b 0c  |  -31
13:47:15.456 | 00 01 02 03 04 05 06 07 08 09 0a 0b 0c  |  -31
13:47:15.709 | 00 01 02 03 04 05 06 07 08 09 0a 0b 0c  |  -31
13:47:15.943 | 00 01 02 03 04 05 06 07 08 09 0a 0b 0c  |  -31
13:47:16.180 | 00 01 02 03 04 05 06 07 08 09 0a 0b 0c  |  -31
13:47:16.406 | 00 01 02 03 04 05 06 07 08 09 0a 0b 0c  |  -31
13:47:16.633 | 00 01 02 03 04 05 06 07 08 09 0a 0b 0c  |  -31
13:47:16.875 | 00 01 02 03 04 05 06 07 08 09 0a 0b 0c  |  -31
13:47:17.098 | 00 01 02 03 04 05 06 07 08 09 0a 0b 0c  |  -31
13:47:17.338 | 00 01 02 03 04 05 06 07 08 09 0a 0b 0c  |  -31
13:47:17.563 | 00 01 02 03 04 05 06 07 08 09 0a 0b 0c  |  -31
13:47:17.784 | 00 01 02 03 04 05 06 07 08 09 0a 0b 0c  |  -31
13:47:18.020 | 00 01 02 03 04 05 06 07 08 09 0a 0b 0c  |  -31
13:47:18.240 | 00 01 02 03 04 05 06 07 08 09 0a 0b 0c  |  -31
13:47:18.478 | 00 01 02 03 04 05 06 07 08 09 0a 0b 0c  |  -31
13:47:18.702 | 00 01 02 03 04 05 06 07 08 09 0a 0b 0c  |  -31
13:47:18.954 | 00 01 02 03 04 05 06 07 08 09 0a 0b 0c  |  -31
13:47:19.179 | 00 01 02 03 04 05 06 07 08 09 0a 0b 0c  |  -31
13:47:19.398 | 00 01 02 03 04 05 06 07 08 09 0a 0b 0c  |  -31
13:47:19.630 | 00 01 02 03 04 05 06 07 08 09 0a 0b 0c  |  -31
13:47:19.834 | 00 01 02 03 04 05 06 07 08 09 0a 0b 0c  |  -31
13:47:20.070 | 00 01 02 03 04 05 06 07 08 09 0a 0b 0c  |  -31
13:47:20.291 | 00 01 02 03 04 05 06 07 08 09 0a 0b 0c  |  -31
13:47:20.522 | 00 01 02 03 04 05 06 07 08 09 0a 0b 0c  |  -31
13:47:20.756 | 00 01 02 03 04 05 06 07 08 09 0a 0b 0c  |  -31
13:47:20.992 | 00 01 02 03 04 05 06 07 08 09 0a 0b 0c  |  -31
13:47:21.239 | 00 01 02 03 04 05 06 07 08 09 0a 0b 0c  |  -31
13:47:21.459 | 00 01 02 03 04 05 06 07 08 09 0a 0b 0c  |  -31
13:47:21.711 | 00 01 02 03 04 05 06 07 08 09 0a 0b 0c  |  -31
13:47:21.947 | 00 01 02 03 04 05 06 07 08 09 0a 0b 0c  |  -31
13:47:22.152 | 00 01 02 03 04 05 06 07 08 09 0a 0b 0c  |  -31
13:47:22.388 | 00 01 02 03 04 05 06 07 08 09 0a 0b 0c  |  -31
13:47:22.637 | 00 01 02 03 04 05 06 07 08 09 0a 0b 0c  |  -31
13:47:22.868 | 00 01 02 03 04 05 06 07 08 09 0a 0b 0c  |  -31
13:47:23.105 | 00 01 02 03 04 05 06 07 08 09 0a 0b 0c  |  -31
13:47:23.341 | 00 01 02 03 04 05 06 07 08 09 0a 0b 0c  |  -31
13:47:23.586 | 00 01 02 03 04 05 06 07 08 09 0a 0b 0c  |  -31
13:47:23.814 | 00 01 02 03 04 05 06 07 08 09 0a 0b 0c  |  -31
13:47:24.080 | 00 01 02 03 04 05 06 07 08 09 0a 0b 0c  |  -31
13:47:24.302 | 00 01 02 03 04 05 06 07 08 09 0a 0b 0c  |  -31
13:47:24.542 | 00 01 02 03 04 05 06 07 08 09 0a 0b 0c  |  -31
13:47:24.773 | 00 01 02 03 04 05 06 07 08 09 0a 0b 0c  |  -31
13:47:25.005 | 00 01 02 03 04 05 06 07 08 09 0a 0b 0c  |  -31
13:47:25.220 | 00 01 02 03 04 05 06 07 08 09 0a 0b 0c  |  -31
13:47:25.440 | 00 01 02 03 04 05 06 07 08 09 0a 0b 0c  |  -31
13:47:25.677 | 00 01 02 03 04 05 06 07 08 09 0a 0b 0c  |  -31
13:47:25.901 | 00 01 02 03 04 05 06 07 08 09 0a 0b 0c  |  -31
13:47:26.121 | 00 01 02 03 04 05 06 07 08 09 0a 0b 0c  |  -31
13:47:26.340 | 00 01 02 03 04 05 06 07 08 09 0a 0b 0c  |  -31
13:47:26.560 | 00 01 02 03 04 05 06 07 08 09 0a 0b 0c  |  -31
13:47:26.793 | 00 01 02 03 04 05 06 07 08 09 0a 0b 0c  |  -31
13:47:27.002 | 00 01 02 03 04 05 06 07 08 09 0a 0b 0c  |  -31
13:47:27.237 | 00 01 02 03 04 05 06 07 08 09 0a 0b 0c  |  -31
13:47:27.458 | 00 01 02 03 04 05 06 07 08 09 0a 0b 0c  |  -31
13:47:27.696 | 00 01 02 03 04 05 06 07 08 09 0a 0b 0c  |  -31
13:47:27.916 | 00 01 02 03 04 05 06 07 08 09 0a 0b 0c  |  -31
13:47:28.120 | 00 01 02 03 04 05 06 07 08 09 0a 0b 0c  |  -31
13:47:28.343 | 00 01 02 03 04 05 06 07 08 09 0a 0b 0c  |  -31
13:47:28.569 | 00 01 02 03 04 05 06 07 08 09 0a 0b 0c  |  -31
13:47:28.786 | 00 01 02 03 04 05 06 07 08 09 0a 0b 0c  |  -31
13:47:29.006 | 00 01 02 03 04 05 06 07 08 09 0a 0b 0c  |  -32
13:47:29.211 | 00 01 02 03 04 05 06 07 08 09 0a 0b 0c  |  -31
13:47:29.442 | 00 01 02 03 04 05 06 07 08 09 0a 0b 0c  |  -31
13:47:29.652 | 00 01 02 03 04 05 06 07 08 09 0a 0b 0c  |  -31
13:47:29.872 | 00 01 02 03 04 05 06 07 08 09 0a 0b 0c  |  -31
13:47:30.101 | 00 01 02 03 04 05 06 07 08 09 0a 0b 0c  |  -31
13:47:30.318 | 00 01 02 03 04 05 06 07 08 09 0a 0b 0c  |  -31
13:47:30.526 | 00 01 02 03 04 05 06 07 08 09 0a 0b 0c  |  -31
13:47:30.762 | 00 01 02 03 04 05 06 07 08 09 0a 0b 0c  |  -31
13:47:30.983 | 00 01 02 03 04 05 06 07 08 09 0a 0b 0c  |  -31
13:47:31.219 | 00 01 02 03 04 05 06 07 08 09 0a 0b 0c  |  -31
13:47:31.437 | 00 01 02 03 04 05 06 07 08 09 0a 0b 0c  |  -31
13:47:31.657 | 00 01 02 03 04 05 06 07 08 09 0a 0b 0c  |  -31
13:47:31.888 | 00 01 02 03 04 05 06 07 08 09 0a 0b 0c  |  -31
13:47:32.108 | 00 01 02 03 04 05 06 07 08 09 0a 0b 0c  |  -31
13:47:32.344 | 00 01 02 03 04 05 06 07 08 09 0a 0b 0c  |  -31
13:47:32.570 | 00 01 02 03 04 05 06 07 08 09 0a 0b 0c  |  -31
13:47:32.788 | 00 01 02 03 04 05 06 07 08 09 0a 0b 0c  |  -31
13:47:33.004 | 00 01 02 03 04 05 06 07 08 09 0a 0b 0c  |  -31
13:47:33.213 | 00 01 02 03 04 05 06 07 08 09 0a 0b 0c  |  -31
13:47:33.433 | 00 01 02 03 04 05 06 07 08 09 0a 0b 0c  |  -31
13:47:33.653 | 00 01 02 03 04 05 06 07 08 09 0a 0b 0c  |  -31
13:47:33.888 | 00 01 02 03 04 05 06 07 08 09 0a 0b 0c  |  -31
13:47:34.110 | 00 01 02 03 04 05 06 07 08 09 0a 0b 0c  |  -31
13:47:34.353 | 00 01 02 03 04 05 06 07 08 09 0a 0b 0c  |  -31
13:47:34.584 | 00 01 02 03 04 05 06 07 08 09 0a 0b 0c  |  -31
13:47:34.804 | 00 01 02 03 04 05 06 07 08 09 0a 0b 0c  |  -30
13:47:35.024 | 00 01 02 03 04 05 06 07 08 09 0a 0b 0c  |  -31
13:47:35.244 | 00 01 02 03 04 05 06 07 08 09 0a 0b 0c  |  -30
13:47:35.496 | 00 01 02 03 04 05 06 07 08 09 0a 0b 0c  |  -30
13:47:35.732 | 00 01 02 03 04 05 06 07 08 09 0a 0b 0c  |  -30
13:47:35.957 | 00 01 02 03 04 05 06 07 08 09 0a 0b 0c  |  -30
13:47:36.199 | 00 01 02 03 04 05 06 07 08 09 0a 0b 0c  |  -30
13:47:36.426 | 00 01 02 03 04 05 06 07 08 09 0a 0b 0c  |  -30
13:47:36.643 | 00 01 02 03 04 05 06 07 08 09 0a 0b 0c  |  -31
13:47:36.865 | 00 01 02 03 04 05 06 07 08 09 0a 0b 0c  |  -31
13:47:37.086 | 00 01 02 03 04 05 06 07 08 09 0a 0b 0c  |  -31
13:47:37.313 | 00 01 02 03 04 05 06 07 08 09 0a 0b 0c  |  -30
13:47:37.528 | 00 01 02 03 04 05 06 07 08 09 0a 0b 0c  |  -30
13:47:37.764 | 00 01 02 03 04 05 06 07 08 09 0a 0b 0c  |  -30
13:47:38.000 | 00 01 02 03 04 05 06 07 08 09 0a 0b 0c  |  -30
13:47:38.222 | 00 01 02 03 04 05 06 07 08 09 0a 0b 0c  |  -30
13:47:38.443 | 00 01 02 03 04 05 06 07 08 09 0a 0b 0c  |  -30
13:47:38.662 | 00 01 02 03 04 05 06 07 08 09 0a 0b 0c  |  -30
13:47:38.937 | 00 01 02 03 04 05 06 07 08 09 0a 0b 0c  |  -30
13:47:39.094 | 00 01 02 03 04 05 06 07 08 09 0a 0b 0c  |  -30
13:47:39.330 | 00 01 02 03 04 05 06 07 08 09 0a 0b 0c  |  -30
13:47:39.550 | 00 01 02 03 04 05 06 07 08 09 0a 0b 0c  |  -30
13:47:39.788 | 00 01 02 03 04 05 06 07 08 09 0a 0b 0c  |  -30
13:47:40.021 | 00 01 02 03 04 05 06 07 08 09 0a 0b 0c  |  -30
13:47:40.258 | 00 01 02 03 04 05 06 07 08 09 0a 0b 0c  |  -30
13:47:40.478 | 00 01 02 03 04 05 06 07 08 09 0a 0b 0c  |  -30
13:47:40.699 | 00 01 02 03 04 05 06 07 08 09 0a 0b 0c  |  -30
13:47:40.943 | 00 01 02 03 04 05 06 07 08 09 0a 0b 0c  |  -30
13:47:41.150 | 00 01 02 03 04 05 06 07 08 09 0a 0b 0c  |  -30
13:47:41.376 | 00 01 02 03 04 05 06 07 08 09 0a 0b 0c  |  -30
13:47:41.592 | 00 01 02 03 04 05 06 07 08 09 0a 0b 0c  |  -30
13:47:41.834 | 00 01 02 03 04 05 06 07 08 09 0a 0b 0c  |  -30
13:47:42.069 | 00 01 02 03 04 05 06 07 08 09 0a 0b 0c  |  -30
13:47:42.304 | 00 01 02 03 04 05 06 07 08 09 0a 0b 0c  |  -30
13:47:42.525 | 00 01 02 03 04 05 06 07 08 09 0a 0b 0c  |  -30
13:47:42.761 | 00 01 02 03 04 05 06 07 08 09 0a 0b 0c  |  -30
13:47:42.981 | 00 01 02 03 04 05 06 07 08 09 0a 0b 0c  |  -30
13:47:43.202 | 00 01 02 03 04 05 06 07 08 09 0a 0b 0c  |  -30
13:47:43.425 | 00 01 02 03 04 05 06 07 08 09 0a 0b 0c  |  -30
13:47:43.655 | 00 01 02 03 04 05 06 07 08 09 0a 0b 0c  |  -30
13:47:43.892 | 00 01 02 03 04 05 06 07 08 09 0a 0b 0c  |  -30
13:47:44.113 | 00 01 02 03 04 05 06 07 08 09 0a 0b 0c  |  -30
13:47:44.333 | 00 01 02 03 04 05 06 07 08 09 0a 0b 0c  |  -30
13:47:44.555 | 00 01 02 03 04 05 06 07 08 09 0a 0b 0c  |  -30
13:47:44.793 | 00 01 02 03 04 05 06 07 08 09 0a 0b 0c  |  -30
13:47:45.024 | 00 01 02 03 04 05 06 07 08 09 0a 0b 0c  |  -30
13:47:45.260 | 00 01 02 03 04 05 06 07 08 09 0a 0b 0c  |  -30
13:47:45.465 | 00 01 02 03 04 05 06 07 08 09 0a 0b 0c  |  -30
13:47:45.701 | 00 01 02 03 04 05 06 07 08 09 0a 0b 0c  |  -30
13:47:45.938 | 00 01 02 03 04 05 06 07 08 09 0a 0b 0c  |  -30
13:47:46.158 | 00 01 02 03 04 05 06 07 08 09 0a 0b 0c  |  -30
13:47:46.380 | 00 01 02 03 04 05 06 07 08 09 0a 0b 0c  |  -30
13:47:46.600 | 00 01 02 03 04 05 06 07 08 09 0a 0b 0c  |  -30
13:47:46.841 | 00 01 02 03 04 05 06 07 08 09 0a 0b 0c  |  -30
13:47:47.061 | 00 01 02 03 04 05 06 07 08 09 0a 0b 0c  |  -30
13:47:47.298 | 00 01 02 03 04 05 06 07 08 09 0a 0b 0c  |  -30
13:47:47.533 | 00 01 02 03 04 05 06 07 08 09 0a 0b 0c  |  -30
13:47:47.754 | 00 01 02 03 04 05 06 07 08 09 0a 0b 0c  |  -30
13:47:47.991 | 00 01 02 03 04 05 06 07 08 09 0a 0b 0c  |  -30
13:47:48.227 | 00 01 02 03 04 05 06 07 08 09 0a 0b 0c  |  -30
13:47:48.463 | 00 01 02 03 04 05 06 07 08 09 0a 0b 0c  |  -30
13:47:48.675 | 00 01 02 03 04 05 06 07 08 09 0a 0b 0c  |  -30
13:47:48.896 | 00 01 02 03 04 05 06 07 08 09 0a 0b 0c  |  -30
13:47:49.119 | 00 01 02 03 04 05 06 07 08 09 0a 0b 0c  |  -30
13:47:49.355 | 00 01 02 03 04 05 06 07 08 09 0a 0b 0c  |  -30
13:47:49.576 | 00 01 02 03 04 05 06 07 08 09 0a 0b 0c  |  -30
13:47:49.804 | 00 01 02 03 04 05 06 07 08 09 0a 0b 0c  |  -30
13:47:50.016 | 00 01 02 03 04 05 06 07 08 09 0a 0b 0c  |  -30
13:47:50.252 | 00 01 02 03 04 05 06 07 08 09 0a 0b 0c  |  -30
13:47:50.488 | 00 01 02 03 04 05 06 07 08 09 0a 0b 0c  |  -30
13:47:50.728 | 00 01 02 03 04 05 06 07 08 09 0a 0b 0c  |  -30
13:47:50.969 | 00 01 02 03 04 05 06 07 08 09 0a 0b 0c  |  -31
13:47:51.215 | 00 01 02 03 04 05 06 07 08 09 0a 0b 0c  |  -31
13:47:51.435 | 00 01 02 03 04 05 06 07 08 09 0a 0b 0c  |  -31
13:47:51.673 | 00 01 02 03 04 05 06 07 08 09 0a 0b 0c  |  -31
13:47:51.908 | 00 01 02 03 04 05 06 07 08 09 0a 0b 0c  |  -31
13:47:52.129 | 00 01 02 03 04 05 06 07 08 09 0a 0b 0c  |  -31
13:47:52.366 | 00 01 02 03 04 05 06 07 08 09 0a 0b 0c  |  -31
13:47:52.617 | 00 01 02 03 04 05 06 07 08 09 0a 0b 0c  |  -31
13:47:52.853 | 00 01 02 03 04 05 06 07 08 09 0a 0b 0c  |  -31
13:47:53.092 | 00 01 02 03 04 05 06 07 08 09 0a 0b 0c  |  -31
13:47:53.311 | 00 01 02 03 04 05 06 07 08 09 0a 0b 0c  |  -31
13:47:53.531 | 00 01 02 03 04 05 06 07 08 09 0a 0b 0c  |  -31
13:47:53.767 | 00 01 02 03 04 05 06 07 08 09 0a 0b 0c  |  -31
13:47:54.013 | 00 01 02 03 04 05 06 07 08 09 0a 0b 0c  |  -31
13:47:54.249 | 00 01 02 03 04 05 06 07 08 09 0a 0b 0c  |  -31
13:47:54.469 | 00 01 02 03 04 05 06 07 08 09 0a 0b 0c  |  -31
13:47:54.705 | 00 01 02 03 04 05 06 07 08 09 0a 0b 0c  |  -31
13:47:54.926 | 00 01 02 03 04 05 06 07 08 09 0a 0b 0c  |  -31
13:47:55.183 | 00 01 02 03 04 05 06 07 08 09 0a 0b 0c  |  -31
13:47:55.419 | 00 01 02 03 04 05 06 07 08 09 0a 0b 0c  |  -31
13:47:55.655 | 00 01 02 03 04 05 06 07 08 09 0a 0b 0c  |  -31
13:47:55.876 | 00 01 02 03 04 05 06 07 08 09 0a 0b 0c  |  -31
13:47:56.096 | 00 01 02 03 04 05 06 07 08 09 0a 0b 0c  |  -31
13:47:56.316 | 00 01 02 03 04 05 06 07 08 09 0a 0b 0c  |  -31
13:47:56.567 | 00 01 02 03 04 05 06 07 08 09 0a 0b 0c  |  -31
13:47:56.804 | 00 01 02 03 04 05 06 07 08 09 0a 0b 0c  |  -31
13:47:57.040 | 00 01 02 03 04 05 06 07 08 09 0a 0b 0c  |  -31
13:47:57.261 | 00 01 02 03 04 05 06 07 08 09 0a 0b 0c  |  -31
13:47:57.497 | 00 01 02 03 04 05 06 07 08 09 0a 0b 0c  |  -31
13:47:57.734 | 00 01 02 03 04 05 06 07 08 09 0a 0b 0c  |  -31
13:47:57.960 | 00 01 02 03 04 05 06 07 08 09 0a 0b 0c  |  -31
13:47:58.198 | 00 01 02 03 04 05 06 07 08 09 0a 0b 0c  |  -31
13:47:58.404 | 00 01 02 03 04 05 06 07 08 09 0a 0b 0c  |  -31
13:47:58.623 | 00 01 02 03 04 05 06 07 08 09 0a 0b 0c  |  -31
13:47:58.861 | 00 01 02 03 04 05 06 07 08 09 0a 0b 0c  |  -31
13:47:59.083 | 00 01 02 03 04 05 06 07 08 09 0a 0b 0c  |  -31
13:47:59.286 | 00 01 02 03 04 05 06 07 08 09 0a 0b 0c  |  -31
13:47:59.505 | 00 01 02 03 04 05 06 07 08 09 0a 0b 0c  |  -31
13:47:59.727 | 00 01 02 03 04 05 06 07 08 09 0a 0b 0c  |  -31
13:47:59.947 | 00 01 02 03 04 05 06 07 08 09 0a 0b 0c  |  -31
13:48:00.182 | 00 01 02 03 04 05 06 07 08 09 0a 0b 0c  |  -31
13:48:00.418 | 00 01 02 03 04 05 06 07 08 09 0a 0b 0c  |  -31
13:48:00.656 | 00 01 02 03 04 05 06 07 08 09 0a 0b 0c  |  -31
13:48:00.892 | 00 01 02 03 04 05 06 07 08 09 0a 0b 0c  |  -31
13:48:01.113 | 00 01 02 03 04 05 06 07 08 09 0a 0b 0c  |  -31
13:48:01.351 | 00 01 02 03 04 05 06 07 08 09 0a 0b 0c  |  -31
13:48:01.598 | 00 01 02 03 04 05 06 07 08 09 0a 0b 0c  |  -31
13:48:01.802 | 00 01 02 03 04 05 06 07 08 09 0a 0b 0c  |  -31
13:48:02.038 | 00 01 02 03 04 05 06 07 08 09 0a 0b 0c  |  -31
13:48:02.290 | 00 01 02 03 04 05 06 07 08 09 0a 0b 0c  |  -31
13:48:02.510 | 00 01 02 03 04 05 06 07 08 09 0a 0b 0c  |  -31
13:48:02.730 | 00 01 02 03 04 05 06 07 08 09 0a 0b 0c  |  -31
13:48:02.970 | 00 01 02 03 04 05 06 07 08 09 0a 0b 0c  |  -31
13:48:03.204 | 00 01 02 03 04 05 06 07 08 09 0a 0b 0c  |  -31
13:48:03.441 | 00 01 02 03 04 05 06 07 08 09 0a 0b 0c  |  -31
13:48:03.642 | 00 01 02 03 04 05 06 07 08 09 0a 0b 0c  |  -31
13:48:03.879 | 00 01 02 03 04 05 06 07 08 09 0a 0b 0c  |  -31
13:48:04.129 | 00 01 02 03 04 05 06 07 08 09 0a 0b 0c  |  -31
13:48:04.334 | 00 01 02 03 04 05 06 07 08 09 0a 0b 0c  |  -31
13:48:04.586 | 00 01 02 03 04 05 06 07 08 09 0a 0b 0c  |  -31
13:48:04.826 | 00 01 02 03 04 05 06 07 08 09 0a 0b 0c  |  -31
13:48:05.046 | 00 01 02 03 04 05 06 07 08 09 0a 0b 0c  |  -31
13:48:05.284 | 00 01 02 03 04 05 06 07 08 09 0a 0b 0c  |  -31
13:48:05.520 | 00 01 02 03 04 05 06 07 08 09 0a 0b 0c  |  -31
13:48:05.757 | 00 01 02 03 04 05 06 07 08 09 0a 0b 0c  |  -31
13:48:05.993 | 00 01 02 03 04 05 06 07 08 09 0a 0b 0c  |  -31
13:48:06.219 | 00 01 02 03 04 05 06 07 08 09 0a 0b 0c  |  -31
13:48:06.496 | 00 01 02 03 04 05 06 07 08 09 0a 0b 0c  |  -31
13:48:06.669 | 00 01 02 03 04 05 06 07 08 09 0a 0b 0c  |  -31
13:48:06.890 | 00 01 02 03 04 05 06 07 08 09 0a 0b 0c  |  -31
13:48:07.116 | 00 01 02 03 04 05 06 07 08 09 0a 0b 0c  |  -31
13:48:07.358 | 00 01 02 03 04 05 06 07 08 09 0a 0b 0c  |  -31
13:48:07.596 | 00 01 02 03 04 05 06 07 08 09 0a 0b 0c  |  -31
13:48:07.833 | 00 01 02 03 04 05 06 07 08 09 0a 0b 0c  |  -31
13:48:08.070 | 00 01 02 03 04 05 06 07 08 09 0a 0b 0c  |  -31
13:48:08.298 | 00 01 02 03 04 05 06 07 08 09 0a 0b 0c  |  -31
13:48:08.539 | 00 01 02 03 04 05 06 07 08 09 0a 0b 0c  |  -31
13:48:08.763 | 00 01 02 03 04 05 06 07 08 09 0a 0b 0c  |  -31
13:48:09.015 | 00 01 02 03 04 05 06 07 08 09 0a 0b 0c  |  -31
13:48:09.251 | 00 01 02 03 04 05 06 07 08 09 0a 0b 0c  |  -31
13:48:09.489 | 00 01 02 03 04 05 06 07 08 09 0a 0b 0c  |  -31
13:48:09.718 | 00 01 02 03 04 05 06 07 08 09 0a 0b 0c  |  -31
13:48:09.940 | 00 01 02 03 04 05 06 07 08 09 0a 0b 0c  |  -31
13:48:10.179 | 00 01 02 03 04 05 06 07 08 09 0a 0b 0c  |  -31
13:48:10.400 | 00 01 02 03 04 05 06 07 08 09 0a 0b 0c  |  -31
13:48:10.636 | 00 01 02 03 04 05 06 07 08 09 0a 0b 0c  |  -31
13:48:10.888 | 00 01 02 03 04 05 06 07 08 09 0a 0b 0c  |  -31
13:48:11.109 | 00 01 02 03 04 05 06 07 08 09 0a 0b 0c  |  -31
13:48:11.350 | 00 01 02 03 04 05 06 07 08 09 0a 0b 0c  |  -31
13:48:11.589 | 00 01 02 03 04 05 06 07 08 09 0a 0b 0c  |  -31
13:48:11.809 | 00 01 02 03 04 05 06 07 08 09 0a 0b 0c  |  -31
13:48:12.045 | 00 01 02 03 04 05 06 07 08 09 0a 0b 0c  |  -31
13:48:12.291 | 00 01 02 03 04 05 06 07 08 09 0a 0b 0c  |  -31
13:48:12.516 | 00 01 02 03 04 05 06 07 08 09 0a 0b 0c  |  -31
13:48:12.735 | 00 01 02 03 04 05 06 07 08 09 0a 0b 0c  |  -31
13:48:12.961 | 00 01 02 03 04 05 06 07 08 09 0a 0b 0c  |  -31
13:48:13.195 | 00 01 02 03 04 05 06 07 08 09 0a 0b 0c  |  -31
13:48:13.414 | 00 01 02 03 04 05 06 07 08 09 0a 0b 0c  |  -31
13:48:13.634 | 00 01 02 03 04 05 06 07 08 09 0a 0b 0c  |  -31
13:48:13.869 | 00 01 02 03 04 05 06 07 08 09 0a 0b 0c  |  -31
13:48:14.116 | 00 01 02 03 04 05 06 07 08 09 0a 0b 0c  |  -31
13:48:14.370 | 00 01 02 03 04 05 06 07 08 09 0a 0b 0c  |  -31
13:48:14.620 | 00 01 02 03 04 05 06 07 08 09 0a 0b 0c  |  -31
13:48:14.874 | 00 01 02 03 04 05 06 07 08 09 0a 0b 0c  |  -31
13:48:15.121 | 00 01 02 03 04 05 06 07 08 09 0a 0b 0c  |  -31
13:48:15.388 | 00 01 02 03 04 05 06 07 08 09 0a 0b 0c  |  -31
13:48:15.624 | 00 01 02 03 04 05 06 07 08 09 0a 0b 0c  |  -31
13:48:15.875 | 00 01 02 03 04 05 06 07 08 09 0a 0b 0c  |  -31
13:48:16.120 | 00 01 02 03 04 05 06 07 08 09 0a 0b 0c  |  -32
13:48:16.363 | 00 01 02 03 04 05 06 07 08 09 0a 0b 0c  |  -32
13:48:16.583 | 00 01 02 03 04 05 06 07 08 09 0a 0b 0c  |  -32
13:48:16.804 | 00 01 02 03 04 05 06 07 08 09 0a 0b 0c  |  -32
13:48:17.024 | 00 01 02 03 04 05 06 07 08 09 0a 0b 0c  |  -31
13:48:17.245 | 00 01 02 03 04 05 06 07 08 09 0a 0b 0c  |  -31
13:48:17.467 | 00 01 02 03 04 05 06 07 08 09 0a 0b 0c  |  -31
13:48:17.685 | 00 01 02 03 04 05 06 07 08 09 0a 0b 0c  |  -31
13:48:17.919 | 00 01 02 03 04 05 06 07 08 09 0a 0b 0c  |  -31
13:48:18.159 | 00 01 02 03 04 05 06 07 08 09 0a 0b 0c  |  -31
13:48:18.378 | 00 01 02 03 04 05 06 07 08 09 0a 0b 0c  |  -31
13:48:18.646 | 00 01 02 03 04 05 06 07 08 09 0a 0b 0c  |  -31
13:48:18.882 | 00 01 02 03 04 05 06 07 08 09 0a 0b 0c  |  -31
13:48:19.102 | 00 01 02 03 04 05 06 07 08 09 0a 0b 0c  |  -32
13:48:19.327 | 00 01 02 03 04 05 06 07 08 09 0a 0b 0c  |  -31
13:48:19.563 | 00 01 02 03 04 05 06 07 08 09 0a 0b 0c  |  -31
13:48:19.782 | 00 01 02 03 04 05 06 07 08 09 0a 0b 0c  |  -30
13:48:20.027 | 00 01 02 03 04 05 06 07 08 09 0a 0b 0c  |  -30
13:48:20.247 | 00 01 02 03 04 05 06 07 08 09 0a 0b 0c  |  -30
13:48:20.463 | 00 01 02 03 04 05 06 07 08 09 0a 0b 0c  |  -31
13:48:20.715 | 00 01 02 03 04 05 06 07 08 09 0a 0b 0c  |  -31
13:48:20.936 | 00 01 02 03 04 05 06 07 08 09 0a 0b 0c  |  -32
13:48:21.173 | 00 01 02 03 04 05 06 07 08 09 0a 0b 0c  |  -31
13:48:21.409 | 00 01 02 03 04 05 06 07 08 09 0a 0b 0c  |  -31
13:48:21.629 | 00 01 02 03 04 05 06 07 08 09 0a 0b 0c  |  -32
13:48:21.849 | 00 01 02 03 04 05 06 07 08 09 0a 0b 0c  |  -31
13:48:22.081 | 00 01 02 03 04 05 06 07 08 09 0a 0b 0c  |  -32
13:48:22.313 | 00 01 02 03 04 05 06 07 08 09 0a 0b 0c  |  -32
13:48:22.533 | 00 01 02 03 04 05 06 07 08 09 0a 0b 0c  |  -32
13:48:22.770 | 00 01 02 03 04 05 06 07 08 09 0a 0b 0c  |  -31
13:48:23.002 | 00 01 02 03 04 05 06 07 08 09 0a 0b 0c  |  -31
13:48:23.238 | 00 01 02 03 04 05 06 07 08 09 0a 0b 0c  |  -31
13:48:23.474 | 00 01 02 03 04 05 06 07 08 09 0a 0b 0c  |  -31
13:48:23.715 | 00 01 02 03 04 05 06 07 08 09 0a 0b 0c  |  -31
13:48:23.938 | 00 01 02 03 04 05 06 07 08 09 0a 0b 0c  |  -31
13:48:24.166 | 00 01 02 03 04 05 06 07 08 09 0a 0b 0c  |  -31
13:48:24.419 | 00 01 02 03 04 05 06 07 08 09 0a 0b 0c  |  -31
13:48:24.639 | 00 01 02 03 04 05 06 07 08 09 0a 0b 0c  |  -31
13:48:24.859 | 00 01 02 03 04 05 06 07 08 09 0a 0b 0c  |  -31
13:48:25.093 | 00 01 02 03 04 05 06 07 08 09 0a 0b 0c  |  -31
13:48:25.329 | 00 01 02 03 04 05 06 07 08 09 0a 0b 0c  |  -31
13:48:25.567 | 00 01 02 03 04 05 06 07 08 09 0a 0b 0c  |  -31
13:48:25.792 | 00 01 02 03 04 05 06 07 08 09 0a 0b 0c  |  -31
13:48:26.028 | 00 01 02 03 04 05 06 07 08 09 0a 0b 0c  |  -31
13:48:26.269 | 00 01 02 03 04 05 06 07 08 09 0a 0b 0c  |  -31
13:48:26.501 | 00 01 02 03 04 05 06 07 08 09 0a 0b 0c  |  -31
13:48:26.737 | 00 01 02 03 04 05 06 07 08 09 0a 0b 0c  |  -31
13:48:26.973 | 00 01 02 03 04 05 06 07 08 09 0a 0b 0c  |  -31
13:48:27.220 | 00 01 02 03 04 05 06 07 08 09 0a 0b 0c  |  -31
13:48:27.425 | 00 01 02 03 04 05 06 07 08 09 0a 0b 0c  |  -31
13:48:27.657 | 00 01 02 03 04 05 06 07 08 09 0a 0b 0c  |  -31
13:48:27.892 | 00 01 02 03 04 05 06 07 08 09 0a 0b 0c  |  -31
13:48:28.122 | 00 01 02 03 04 05 06 07 08 09 0a 0b 0c  |  -31
13:48:28.348 | 00 01 02 03 04 05 06 07 08 09 0a 0b 0c  |  -31
13:48:28.568 | 00 01 02 03 04 05 06 07 08 09 0a 0b 0c  |  -31
13:48:28.801 | 00 01 02 03 04 05 06 07 08 09 0a 0b 0c  |  -31
13:48:29.023 | 00 01 02 03 04 05 06 07 08 09 0a 0b 0c  |  -31
13:48:29.244 | 00 01 02 03 04 05 06 07 08 09 0a 0b 0c  |  -31
13:48:29.465 | 00 01 02 03 04 05 06 07 08 09 0a 0b 0c  |  -31
13:48:29.700 | 00 01 02 03 04 05 06 07 08 09 0a 0b 0c  |  -31
13:48:29.925 | 00 01 02 03 04 05 06 07 08 09 0a 0b 0c  |  -31
13:48:30.157 | 00 01 02 03 04 05 06 07 08 09 0a 0b 0c  |  -31
13:48:30.362 | 00 01 02 03 04 05 06 07 08 09 0a 0b 0c  |  -31
13:48:30.586 | 00 01 02 03 04 05 06 07 08 09 0a 0b 0c  |  -31
13:48:30.836 | 00 01 02 03 04 05 06 07 08 09 0a 0b 0c  |  -31
13:48:31.068 | 00 01 02 03 04 05 06 07 08 09 0a 0b 0c  |  -31
13:48:31.292 | 00 01 02 03 04 05 06 07 08 09 0a 0b 0c  |  -31
13:48:31.527 | 00 01 02 03 04 05 06 07 08 09 0a 0b 0c  |  -31
13:48:31.764 | 00 01 02 03 04 05 06 07 08 09 0a 0b 0c  |  -31
13:48:31.984 | 00 01 02 03 04 05 06 07 08 09 0a 0b 0c  |  -31
13:48:32.221 | 00 01 02 03 04 05 06 07 08 09 0a 0b 0c  |  -31
13:48:32.460 | 00 01 02 03 04 05 06 07 08 09 0a 0b 0c  |  -31
13:48:32.692 | 00 01 02 03 04 05 06 07 08 09 0a 0b 0c  |  -31
13:48:32.916 | 00 01 02 03 04 05 06 07 08 09 0a 0b 0c  |  -31
13:48:33.136 | 00 01 02 03 04 05 06 07 08 09 0a 0b 0c  |  -32
13:48:33.356 | 00 01 02 03 04 05 06 07 08 09 0a 0b 0c  |  -30
13:48:33.615 | 00 01 02 03 04 05 06 07 08 09 0a 0b 0c  |  -30
13:48:33.845 | 00 01 02 03 04 05 06 07 08 09 0a 0b 0c  |  -30
13:48:34.086 | 00 01 02 03 04 05 06 07 08 09 0a 0b 0c  |  -28
13:48:34.381 | 00 01 02 03 04 05 06 07 08 09 0a 0b 0c  |  -28
13:48:34.555 | 00 01 02 03 04 05 06 07 08 09 0a 0b 0c  |  -28
13:48:34.785 | 00 01 02 03 04 05 06 07 08 09 0a 0b 0c  |  -28
13:48:35.035 | 00 01 02 03 04 05 06 07 08 09 0a 0b 0c  |  -30
13:48:35.248 | 00 01 02 03 04 05 06 07 08 09 0a 0b 0c  |  -28
13:48:35.485 | 00 01 02 03 04 05 06 07 08 09 0a 0b 0c  |  -29
13:48:35.723 | 00 01 02 03 04 05 06 07 08 09 0a 0b 0c  |  -30
13:48:35.937 | 00 01 02 03 04 05 06 07 08 09 0a 0b 0c  |  -33
13:48:36.148 | 00 01 02 03 04 05 06 07 08 09 0a 0b 0c  |  -31
13:48:36.400 | 00 01 02 03 04 05 06 07 08 09 0a 0b 0c  |  -27
13:48:36.617 | 00 01 02 03 04 05 06 07 08 09 0a 0b 0c  |  -29
13:48:36.839 | 00 01 02 03 04 05 06 07 08 09 0a 0b 0c  |  -29
13:48:37.058 | 00 01 02 03 04 05 06 07 08 09 0a 0b 0c  |  -29
13:48:37.278 | 00 01 02 03 04 05 06 07 08 09 0a 0b 0c  |  -29
13:48:37.512 | 00 01 02 03 04 05 06 07 08 09 0a 0b 0c  |  -30
13:48:37.749 | 00 01 02 03 04 05 06 07 08 09 0a 0b 0c  |  -29
13:48:38.007 | 00 01 02 03 04 05 06 07 08 09 0a 0b 0c  |  -29
13:48:38.243 | 00 01 02 03 04 05 06 07 08 09 0a 0b 0c  |  -29
13:48:38.462 | 00 01 02 03 04 05 06 07 08 09 0a 0b 0c  |  -28
13:48:38.685 | 00 01 02 03 04 05 06 07 08 09 0a 0b 0c  |  -28
13:48:38.919 | 00 01 02 03 04 05 06 07 08 09 0a 0b 0c  |  -30
13:48:39.157 | 00 01 02 03 04 05 06 07 08 09 0a 0b 0c  |  -29
13:48:39.409 | 00 01 02 03 04 05 06 07 08 09 0a 0b 0c  |  -30
13:48:39.629 | 00 01 02 03 04 05 06 07 08 09 0a 0b 0c  |  -30
13:48:39.865 | 00 01 02 03 04 05 06 07 08 09 0a 0b 0c  |  -29
13:48:40.103 | 00 01 02 03 04 05 06 07 08 09 0a 0b 0c  |  -29
13:48:40.337 | 00 01 02 03 04 05 06 07 08 09 0a 0b 0c  |  -30
13:48:40.576 | 00 01 02 03 04 05 06 07 08 09 0a 0b 0c  |  -30
13:48:40.827 | 00 01 02 03 04 05 06 07 08 09 0a 0b 0c  |  -30
13:48:41.048 | 00 01 02 03 04 05 06 07 08 09 0a 0b 0c  |  -29
13:48:41.288 | 00 01 02 03 04 05 06 07 08 09 0a 0b 0c  |  -29
13:48:41.509 | 00 01 02 03 04 05 06 07 08 09 0a 0b 0c  |  -30
13:48:41.744 | 00 01 02 03 04 05 06 07 08 09 0a 0b 0c  |  -30
13:48:41.966 | 00 01 02 03 04 05 06 07 08 09 0a 0b 0c  |  -30
13:48:42.201 | 00 01 02 03 04 05 06 07 08 09 0a 0b 0c  |  -30
13:48:42.423 | 00 01 02 03 04 05 06 07 08 09 0a 0b 0c  |  -30
13:48:42.658 | 00 01 02 03 04 05 06 07 08 09 0a 0b 0c  |  -30
13:48:42.894 | 00 01 02 03 04 05 06 07 08 09 0a 0b 0c  |  -30
13:48:43.129 | 00 01 02 03 04 05 06 07 08 09 0a 0b 0c  |  -30
13:48:43.397 | 00 01 02 03 04 05 06 07 08 09 0a 0b 0c  |  -30
13:48:43.616 | 00 01 02 03 04 05 06 07 08 09 0a 0b 0c  |  -30
13:48:43.837 | 00 01 02 03 04 05 06 07 08 09 0a 0b 0c  |  -30
13:48:44.074 | 00 01 02 03 04 05 06 07 08 09 0a 0b 0c  |  -30
13:48:44.294 | 00 01 02 03 04 05 06 07 08 09 0a 0b 0c  |  -30
13:48:44.525 | 00 01 02 03 04 05 06 07 08 09 0a 0b 0c  |  -30
13:48:44.742 | 00 01 02 03 04 05 06 07 08 09 0a 0b 0c  |  -30
13:48:44.961 | 00 01 02 03 04 05 06 07 08 09 0a 0b 0c  |  -30
13:48:45.181 | 00 01 02 03 04 05 06 07 08 09 0a 0b 0c  |  -30
13:48:45.431 | 00 01 02 03 04 05 06 07 08 09 0a 0b 0c  |  -30
13:48:45.652 | 00 01 02 03 04 05 06 07 08 09 0a 0b 0c  |  -29
13:48:45.888 | 00 01 02 03 04 05 06 07 08 09 0a 0b 0c  |  -30
13:48:46.124 | 00 01 02 03 04 05 06 07 08 09 0a 0b 0c  |  -29
13:48:46.349 | 00 01 02 03 04 05 06 07 08 09 0a 0b 0c  |  -30
13:48:46.565 | 00 01 02 03 04 05 06 07 08 09 0a 0b 0c  |  -29
13:48:46.792 | 00 01 02 03 04 05 06 07 08 09 0a 0b 0c  |  -28
13:48:47.016 | 00 01 02 03 04 05 06 07 08 09 0a 0b 0c  |  -28
13:48:47.220 | 00 01 02 03 04 05 06 07 08 09 0a 0b 0c  |  -28
13:48:47.467 | 00 01 02 03 04 05 06 07 08 09 0a 0b 0c  |  -28
13:48:47.738 | 00 01 02 03 04 05 06 07 08 09 0a 0b 0c  |  -28
13:48:47.958 | 00 01 02 03 04 05 06 07 08 09 0a 0b 0c  |  -28
13:48:48.182 | 00 01 02 03 04 05 06 07 08 09 0a 0b 0c  |  -28
13:48:48.419 | 00 01 02 03 04 05 06 07 08 09 0a 0b 0c  |  -28
13:48:48.651 | 00 01 02 03 04 05 06 07 08 09 0a 0b 0c  |  -28
13:48:48.904 | 00 01 02 03 04 05 06 07 08 09 0a 0b 0c  |  -28
13:48:49.124 | 00 01 02 03 04 05 06 07 08 09 0a 0b 0c  |  -28
13:48:49.341 | 00 01 02 03 04 05 06 07 08 09 0a 0b 0c  |  -28
13:48:49.578 | 00 01 02 03 04 05 06 07 08 09 0a 0b 0c  |  -29
13:48:49.799 | 00 01 02 03 04 05 06 07 08 09 0a 0b 0c  |  -28
13:48:50.034 | 00 01 02 03 04 05 06 07 08 09 0a 0b 0c  |  -28
13:48:50.255 | 00 01 02 03 04 05 06 07 08 09 0a 0b 0c  |  -29
13:48:50.491 | 00 01 02 03 04 05 06 07 08 09 0a 0b 0c  |  -29
13:48:50.713 | 00 01 02 03 04 05 06 07 08 09 0a 0b 0c  |  -29
13:48:50.949 | 00 01 02 03 04 05 06 07 08 09 0a 0b 0c  |  -29
13:48:51.170 | 00 01 02 03 04 05 06 07 08 09 0a 0b 0c  |  -29
13:48:51.408 | 00 01 02 03 04 05 06 07 08 09 0a 0b 0c  |  -29
13:48:51.625 | 00 01 02 03 04 05 06 07 08 09 0a 0b 0c  |  -29
13:48:51.861 | 00 01 02 03 04 05 06 07 08 09 0a 0b 0c  |  -29
13:48:52.104 | 00 01 02 03 04 05 06 07 08 09 0a 0b 0c  |  -29
13:48:52.324 | 00 01 02 03 04 05 06 07 08 09 0a 0b 0c  |  -30
13:48:52.544 | 00 01 02 03 04 05 06 07 08 09 0a 0b 0c  |  -30
13:48:52.796 | 00 01 02 03 04 05 06 07 08 09 0a 0b 0c  |  -30
13:48:53.017 | 00 01 02 03 04 05 06 07 08 09 0a 0b 0c  |  -30
13:48:53.254 | 00 01 02 03 04 05 06 07 08 09 0a 0b 0c  |  -30
13:48:53.489 | 00 01 02 03 04 05 06 07 08 09 0a 0b 0c  |  -30
13:48:53.748 | 00 01 02 03 04 05 06 07 08 09 0a 0b 0c  |  -30
13:48:53.966 | 00 01 02 03 04 05 06 07 08 09 0a 0b 0c  |  -30
13:48:54.186 | 00 01 02 03 04 05 06 07 08 09 0a 0b 0c  |  -30
13:48:54.406 | 00 01 02 03 04 05 06 07 08 09 0a 0b 0c  |  -30
13:48:54.642 | 00 01 02 03 04 05 06 07 08 09 0a 0b 0c  |  -30
13:48:54.896 | 00 01 02 03 04 05 06 07 08 09 0a 0b 0c  |  -30
13:48:55.116 | 00 01 02 03 04 05 06 07 08 09 0a 0b 0c  |  -30
13:48:55.336 | 00 01 02 03 04 05 06 07 08 09 0a 0b 0c  |  -30
13:48:55.575 | 00 01 02 03 04 05 06 07 08 09 0a 0b 0c  |  -30
13:48:55.827 | 00 01 02 03 04 05 06 07 08 09 0a 0b 0c  |  -29
13:48:56.063 | 00 01 02 03 04 05 06 07 08 09 0a 0b 0c  |  -29
13:48:56.299 | 00 01 02 03 04 05 06 07 08 09 0a 0b 0c  |  -29
13:48:56.519 | 00 01 02 03 04 05 06 07 08 09 0a 0b 0c  |  -30
13:48:56.755 | 00 01 02 03 04 05 06 07 08 09 0a 0b 0c  |  -30
13:48:56.988 | 00 01 02 03 04 05 06 07 08 09 0a 0b 0c  |  -30
13:48:57.196 | 00 01 02 03 04 05 06 07 08 09 0a 0b 0c  |  -30
13:48:57.439 | 00 01 02 03 04 05 06 07 08 09 0a 0b 0c  |  -30
13:48:57.645 | 00 01 02 03 04 05 06 07 08 09 0a 0b 0c  |  -30
13:48:57.887 | 00 01 02 03 04 05 06 07 08 09 0a 0b 0c  |  -31
13:48:58.124 | 00 01 02 03 04 05 06 07 08 09 0a 0b 0c  |  -31
13:48:58.393 | 00 01 02 03 04 05 06 07 08 09 0a 0b 0c  |  -32
13:48:58.613 | 00 01 02 03 04 05 06 07 08 09 0a 0b 0c  |  -31
13:48:58.848 | 00 01 02 03 04 05 06 07 08 09 0a 0b 0c  |  -30
13:48:59.069 | 00 01 02 03 04 05 06 07 08 09 0a 0b 0c  |  -30
13:48:59.305 | 00 01 02 03 04 05 06 07 08 09 0a 0b 0c  |  -30
13:48:59.549 | 00 01 02 03 04 05 06 07 08 09 0a 0b 0c  |  -30
13:48:59.785 | 00 01 02 03 04 05 06 07 08 09 0a 0b 0c  |  -30
13:48:59.991 | 00 01 02 03 04 05 06 07 08 09 0a 0b 0c  |  -30
13:49:00.242 | 00 01 02 03 04 05 06 07 08 09 0a 0b 0c  |  -30
13:49:00.478 | 00 01 02 03 04 05 06 07 08 09 0a 0b 0c  |  -30
13:49:00.707 | 00 01 02 03 04 05 06 07 08 09 0a 0b 0c  |  -30
13:49:00.923 | 00 01 02 03 04 05 06 07 08 09 0a 0b 0c  |  -30
13:49:01.159 | 00 01 02 03 04 05 06 07 08 09 0a 0b 0c  |  -31
13:49:01.396 | 00 01 02 03 04 05 06 07 08 09 0a 0b 0c  |  -32
13:49:01.616 | 00 01 02 03 04 05 06 07 08 09 0a 0b 0c  |  -32
13:49:01.835 | 00 01 02 03 04 05 06 07 08 09 0a 0b 0c  |  -31
13:49:02.103 | 00 01 02 03 04 05 06 07 08 09 0a 0b 0c  |  -31
13:49:02.299 | 00 01 02 03 04 05 06 07 08 09 0a 0b 0c  |  -31
13:49:02.517 | 00 01 02 03 04 05 06 07 08 09 0a 0b 0c  |  -30
13:49:02.764 | 00 01 02 03 04 05 06 07 08 09 0a 0b 0c  |  -29
13:49:03.008 | 00 01 02 03 04 05 06 07 08 09 0a 0b 0c  |  -33
13:49:03.224 | 00 01 02 03 04 05 06 07 08 09 0a 0b 0c  |  -33
13:49:03.455 | 00 01 02 03 04 05 06 07 08 09 0a 0b 0c  |  -32
13:49:03.691 | 00 01 02 03 04 05 06 07 08 09 0a 0b 0c  |  -31
13:49:03.911 | 00 01 02 03 04 05 06 07 08 09 0a 0b 0c  |  -30
13:49:04.131 | 00 01 02 03 04 05 06 07 08 09 0a 0b 0c  |  -30
13:49:04.368 | 00 01 02 03 04 05 06 07 08 09 0a 0b 0c  |  -29
13:49:04.582 | 00 01 02 03 04 05 06 07 08 09 0a 0b 0c  |  -30
13:49:04.811 | 00 01 02 03 04 05 06 07 08 09 0a 0b 0c  |  -32
13:49:05.052 | 00 01 02 03 04 05 06 07 08 09 0a 0b 0c  |  -32
13:49:05.284 | 00 01 02 03 04 05 06 07 08 09 0a 0b 0c  |  -32
13:49:05.500 | 00 01 02 03 04 05 06 07 08 09 0a 0b 0c  |  -35
13:49:05.720 | 00 01 02 03 04 05 06 07 08 09 0a 0b 0c  |  -33
13:49:05.942 | 00 01 02 03 04 05 06 07 08 09 0a 0b 0c  |  -33
13:49:06.196 | 00 01 02 03 04 05 06 07 08 09 0a 0b 0c  |  -34
13:49:06.416 | 00 01 02 03 04 05 06 07 08 09 0a 0b 0c  |  -31
13:49:06.651 | 00 01 02 03 04 05 06 07 08 09 0a 0b 0c  |  -31
13:49:06.887 | 00 01 02 03 04 05 06 07 08 09 0a 0b 0c  |  -33
13:49:07.121 | 00 01 02 03 04 05 06 07 08 09 0a 0b 0c  |  -34
13:49:07.328 | 00 01 02 03 04 05 06 07 08 09 0a 0b 0c  |  -33
13:49:07.580 | 00 01 02 03 04 05 06 07 08 09 0a 0b 0c  |  -33
13:49:07.817 | 00 01 02 03 04 05 06 07 08 09 0a 0b 0c  |  -33
13:49:08.037 | 00 01 02 03 04 05 06 07 08 09 0a 0b 0c  |  -33
13:49:08.274 | 00 01 02 03 04 05 06 07 08 09 0a 0b 0c  |  -34
13:49:08.493 | 00 01 02 03 04 05 06 07 08 09 0a 0b 0c  |  -33
13:49:08.713 | 00 01 02 03 04 05 06 07 08 09 0a 0b 0c  |  -33
13:49:08.934 | 00 01 02 03 04 05 06 07 08 09 0a 0b 0c  |  -33
13:49:09.163 | 00 01 02 03 04 05 06 07 08 09 0a 0b 0c  |  -33
13:49:09.399 | 00 01 02 03 04 05 06 07 08 09 0a 0b 0c  |  -34
13:49:09.620 | 00 01 02 03 04 05 06 07 08 09 0a 0b 0c  |  -34
13:49:09.873 | 00 01 02 03 04 05 06 07 08 09 0a 0b 0c  |  -35
13:49:10.092 | 00 01 02 03 04 05 06 07 08 09 0a 0b 0c  |  -34
13:49:10.328 | 00 01 02 03 04 05 06 07 08 09 0a 0b 0c  |  -34
13:49:10.554 | 00 01 02 03 04 05 06 07 08 09 0a 0b 0c  |  -34
13:49:10.787 | 00 01 02 03 04 05 06 07 08 09 0a 0b 0c  |  -34
13:49:11.024 | 00 01 02 03 04 05 06 07 08 09 0a 0b 0c  |  -34
13:49:11.261 | 00 01 02 03 04 05 06 07 08 09 0a 0b 0c  |  -34
13:49:11.511 | 00 01 02 03 04 05 06 07 08 09 0a 0b 0c  |  -34
13:49:11.748 | 00 01 02 03 04 05 06 07 08 09 0a 0b 0c  |  -34
13:49:11.983 | 00 01 02 03 04 05 06 07 08 09 0a 0b 0c  |  -34
13:49:12.215 | 00 01 02 03 04 05 06 07 08 09 0a 0b 0c  |  -35
13:49:12.446 | 00 01 02 03 04 05 06 07 08 09 0a 0b 0c  |  -35
13:49:12.682 | 00 01 02 03 04 05 06 07 08 09 0a 0b 0c  |  -35
13:49:12.919 | 00 01 02 03 04 05 06 07 08 09 0a 0b 0c  |  -35
13:49:13.139 | 00 01 02 03 04 05 06 07 08 09 0a 0b 0c  |  -35
13:49:13.362 | 00 01 02 03 04 05 06 07 08 09 0a 0b 0c  |  -35
13:49:13.600 | 00 01 02 03 04 05 06 07 08 09 0a 0b 0c  |  -35
13:49:13.837 | 00 01 02 03 04 05 06 07 08 09 0a 0b 0c  |  -35
13:49:14.070 | 00 01 02 03 04 05 06 07 08 09 0a 0b 0c  |  -35
13:49:14.291 | 00 01 02 03 04 05 06 07 08 09 0a 0b 0c  |  -36
13:49:14.529 | 00 01 02 03 04 05 06 07 08 09 0a 0b 0c  |  -36
13:49:14.760 | 00 01 02 03 04 05 06 07 08 09 0a 0b 0c  |  -35
13:49:14.996 | 00 01 02 03 04 05 06 07 08 09 0a 0b 0c  |  -36
13:49:15.233 | 00 01 02 03 04 05 06 07 08 09 0a 0b 0c  |  -36
13:49:15.451 | 00 01 02 03 04 05 06 07 08 09 0a 0b 0c  |  -36
13:49:15.654 | 00 01 02 03 04 05 06 07 08 09 0a 0b 0c  |  -36
13:49:15.889 | 00 01 02 03 04 05 06 07 08 09 0a 0b 0c  |  -36
13:49:16.094 | 00 01 02 03 04 05 06 07 08 09 0a 0b 0c  |  -36
13:49:16.345 | 00 01 02 03 04 05 06 07 08 09 0a 0b 0c  |  -36
13:49:16.566 | 00 01 02 03 04 05 06 07 08 09 0a 0b 0c  |  -36
13:49:16.786 | 00 01 02 03 04 05 06 07 08 09 0a 0b 0c  |  -36
13:49:17.022 | 00 01 02 03 04 05 06 07 08 09 0a 0b 0c  |  -36
13:49:17.243 | 00 01 02 03 04 05 06 07 08 09 0a 0b 0c  |  -36
13:49:17.479 | 00 01 02 03 04 05 06 07 08 09 0a 0b 0c  |  -36
13:49:17.716 | 00 01 02 03 04 05 06 07 08 09 0a 0b 0c  |  -36
13:49:17.954 | 00 01 02 03 04 05 06 07 08 09 0a 0b 0c  |  -35
13:49:18.187 | 00 01 02 03 04 05 06 07 08 09 0a 0b 0c  |  -35
13:49:18.402 | 00 01 02 03 04 05 06 07 08 09 0a 0b 0c  |  -34
13:49:18.622 | 00 01 02 03 04 05 06 07 08 09 0a 0b 0c  |  -35
13:49:18.843 | 00 01 02 03 04 05 06 07 08 09 0a 0b 0c  |  -35
13:49:19.095 | 00 01 02 03 04 05 06 07 08 09 0a 0b 0c  |  -35
13:49:19.348 | 00 01 02 03 04 05 06 07 08 09 0a 0b 0c  |  -34
13:49:19.552 | 00 01 02 03 04 05 06 07 08 09 0a 0b 0c  |  -33
13:49:19.785 | 00 01 02 03 04 05 06 07 08 09 0a 0b 0c  |  -33
13:49:20.013 | 00 01 02 03 04 05 06 07 08 09 0a 0b 0c  |  -34
13:49:20.264 | 00 01 02 03 04 05 06 07 08 09 0a 0b 0c  |  -32
13:49:20.486 | 00 01 02 03 04 05 06 07 08 09 0a 0b 0c  |  -33
13:49:20.721 | 00 01 02 03 04 05 06 07 08 09 0a 0b 0c  |  -33
13:49:20.942 | 00 01 02 03 04 05 06 07 08 09 0a 0b 0c  |  -32
13:49:21.191 | 00 01 02 03 04 05 06 07 08 09 0a 0b 0c  |  -32
13:49:21.421 | 00 01 02 03 04 05 06 07 08 09 0a 0b 0c  |  -33
13:49:21.657 | 00 01 02 03 04 05 06 07 08 09 0a 0b 0c  |  -33
13:49:21.877 | 00 01 02 03 04 05 06 07 08 09 0a 0b 0c  |  -33
13:49:22.113 | 00 01 02 03 04 05 06 07 08 09 0a 0b 0c  |  -33
13:49:22.320 | 00 01 02 03 04 05 06 07 08 09 0a 0b 0c  |  -33
13:49:22.556 | 00 01 02 03 04 05 06 07 08 09 0a 0b 0c  |  -33
13:49:22.783 | 00 01 02 03 04 05 06 07 08 09 0a 0b 0c  |  -33
13:49:23.015 | 00 01 02 03 04 05 06 07 08 09 0a 0b 0c  |  -33
13:49:23.239 | 00 01 02 03 04 05 06 07 08 09 0a 0b 0c  |  -33
13:49:23.477 | 00 01 02 03 04 05 06 07 08 09 0a 0b 0c  |  -33
13:49:23.694 | 00 01 02 03 04 05 06 07 08 09 0a 0b 0c  |  -33
13:49:23.930 | 00 01 02 03 04 05 06 07 08 09 0a 0b 0c  |  -33
13:49:24.162 | 00 01 02 03 04 05 06 07 08 09 0a 0b 0c  |  -33
13:49:24.397 | 00 01 02 03 04 05 06 07 08 09 0a 0b 0c  |  -34
13:49:24.633 | 00 01 02 03 04 05 06 07 08 09 0a 0b 0c  |  -34
13:49:24.854 | 00 01 02 03 04 05 06 07 08 09 0a 0b 0c  |  -34
13:49:25.107 | 00 01 02 03 04 05 06 07 08 09 0a 0b 0c  |  -35
13:49:25.352 | 00 01 02 03 04 05 06 07 08 09 0a 0b 0c  |  -35
13:49:25.594 | 00 01 02 03 04 05 06 07 08 09 0a 0b 0c  |  -35
13:49:25.816 | 00 01 02 03 04 05 06 07 08 09 0a 0b 0c  |  -35
13:49:26.067 | 00 01 02 03 04 05 06 07 08 09 0a 0b 0c  |  -34
13:49:26.306 | 00 01 02 03 04 05 06 07 08 09 0a 0b 0c  |  -34
13:49:26.542 | 00 01 02 03 04 05 06 07 08 09 0a 0b 0c  |  -35
13:49:26.762 | 00 01 02 03 04 05 06 07 08 09 0a 0b 0c  |  -35
13:49:27.007 | 00 01 02 03 04 05 06 07 08 09 0a 0b 0c  |  -35
13:49:27.241 | 00 01 02 03 04 05 06 07 08 09 0a 0b 0c  |  -35
13:49:27.482 | 00 01 02 03 04 05 06 07 08 09 0a 0b 0c  |  -34
13:49:27.713 | 00 01 02 03 04 05 06 07 08 09 0a 0b 0c  |  -34
13:49:27.937 | 00 01 02 03 04 05 06 07 08 09 0a 0b 0c  |  -34
13:49:28.173 | 00 01 02 03 04 05 06 07 08 09 0a 0b 0c  |  -34
13:49:28.409 | 00 01 02 03 04 05 06 07 08 09 0a 0b 0c  |  -33
13:49:28.653 | 00 01 02 03 04 05 06 07 08 09 0a 0b 0c  |  -33
13:49:28.880 | 00 01 02 03 04 05 06 07 08 09 0a 0b 0c  |  -34
13:49:29.103 | 00 01 02 03 04 05 06 07 08 09 0a 0b 0c  |  -34
13:49:29.340 | 00 01 02 03 04 05 06 07 08 09 0a 0b 0c  |  -35
13:49:29.566 | 00 01 02 03 04 05 06 07 08 09 0a 0b 0c  |  -35
13:49:29.865 | 00 01 02 03 04 05 06 07 08 09 0a 0b 0c  |  -35
13:49:30.038 | 00 01 02 03 04 05 06 07 08 09 0a 0b 0c  |  -34
13:49:30.258 | 00 01 02 03 04 05 06 07 08 09 0a 0b 0c  |  -33
13:49:30.500 | 00 01 02 03 04 05 06 07 08 09 0a 0b 0c  |  -34
13:49:30.723 | 00 01 02 03 04 05 06 07 08 09 0a 0b 0c  |  -34
13:49:30.967 | 00 01 02 03 04 05 06 07 08 09 0a 0b 0c  |  -34
13:49:31.195 | 00 01 02 03 04 05 06 07 08 09 0a 0b 0c  |  -34
13:49:31.447 | 00 01 02 03 04 05 06 07 08 09 0a 0b 0c  |  -34
13:49:31.668 | 00 01 02 03 04 05 06 07 08 09 0a 0b 0c  |  -34
13:49:31.902 | 00 01 02 03 04 05 06 07 08 09 0a 0b 0c  |  -35
13:49:32.137 | 00 01 02 03 04 05 06 07 08 09 0a 0b 0c  |  -34
13:49:32.356 | 00 01 02 03 04 05 06 07 08 09 0a 0b 0c  |  -34
13:49:32.577 | 00 01 02 03 04 05 06 07 08 09 0a 0b 0c  |  -34
13:49:32.797 | 00 01 02 03 04 05 06 07 08 09 0a 0b 0c  |  -35
13:49:33.017 | 00 01 02 03 04 05 06 07 08 09 0a 0b 0c  |  -35
13:49:33.238 | 00 01 02 03 04 05 06 07 08 09 0a 0b 0c  |  -35
13:49:33.458 | 00 01 02 03 04 05 06 07 08 09 0a 0b 0c  |  -35
13:49:33.679 | 00 01 02 03 04 05 06 07 08 09 0a 0b 0c  |  -34
13:49:33.915 | 00 01 02 03 04 05 06 07 08 09 0a 0b 0c  |  -33
13:49:34.138 | 00 01 02 03 04 05 06 07 08 09 0a 0b 0c  |  -34
13:49:34.374 | 00 01 02 03 04 05 06 07 08 09 0a 0b 0c  |  -34
13:49:34.596 | 00 01 02 03 04 05 06 07 08 09 0a 0b 0c  |  -34
13:49:34.815 | 00 01 02 03 04 05 06 07 08 09 0a 0b 0c  |  -33
13:49:35.046 | 00 01 02 03 04 05 06 07 08 09 0a 0b 0c  |  -33
13:49:35.280 | 00 01 02 03 04 05 06 07 08 09 0a 0b 0c  |  -33
13:49:35.487 | 00 01 02 03 04 05 06 07 08 09 0a 0b 0c  |  -33
13:49:35.739 | 00 01 02 03 04 05 06 07 08 09 0a 0b 0c  |  -33
13:49:35.975 | 00 01 02 03 04 05 06 07 08 09 0a 0b 0c  |  -33
13:49:36.196 | 00 01 02 03 04 05 06 07 08 09 0a 0b 0c  |  -33
13:49:36.441 | 00 01 02 03 04 05 06 07 08 09 0a 0b 0c  |  -33
13:49:36.662 | 00 01 02 03 04 05 06 07 08 09 0a 0b 0c  |  -34
13:49:36.909 | 00 01 02 03 04 05 06 07 08 09 0a 0b 0c  |  -33
13:49:37.127 | 00 01 02 03 04 05 06 07 08 09 0a 0b 0c  |  -34
13:49:37.364 | 00 01 02 03 04 05 06 07 08 09 0a 0b 0c  |  -33
13:49:37.579 | 00 01 02 03 04 05 06 07 08 09 0a 0b 0c  |  -33
13:49:37.789 | 00 01 02 03 04 05 06 07 08 09 0a 0b 0c  |  -34
13:49:38.030 | 00 01 02 03 04 05 06 07 08 09 0a 0b 0c  |  -34
13:49:38.269 | 00 01 02 03 04 05 06 07 08 09 0a 0b 0c  |  -33
13:49:38.520 | 00 01 02 03 04 05 06 07 08 09 0a 0b 0c  |  -33
13:49:38.742 | 00 01 02 03 04 05 06 07 08 09 0a 0b 0c  |  -33
13:49:38.971 | 00 01 02 03 04 05 06 07 08 09 0a 0b 0c  |  -33
13:49:39.181 | 00 01 02 03 04 05 06 07 08 09 0a 0b 0c  |  -33
13:49:39.415 | 00 01 02 03 04 05 06 07 08 09 0a 0b 0c  |  -32
13:49:39.635 | 00 01 02 03 04 05 06 07 08 09 0a 0b 0c  |  -32
13:49:39.855 | 00 01 02 03 04 05 06 07 08 09 0a 0b 0c  |  -32
13:49:40.093 | 00 01 02 03 04 05 06 07 08 09 0a 0b 0c  |  -32
13:49:40.329 | 00 01 02 03 04 05 06 07 08 09 0a 0b 0c  |  -32
13:49:40.551 | 00 01 02 03 04 05 06 07 08 09 0a 0b 0c  |  -32
13:49:40.787 | 00 01 02 03 04 05 06 07 08 09 0a 0b 0c  |  -33
13:49:41.007 | 00 01 02 03 04 05 06 07 08 09 0a 0b 0c  |  -32
13:49:41.242 | 00 01 02 03 04 05 06 07 08 09 0a 0b 0c  |  -33
13:49:41.495 | 00 01 02 03 04 05 06 07 08 09 0a 0b 0c  |  -33
13:49:41.715 | 00 01 02 03 04 05 06 07 08 09 0a 0b 0c  |  -33
13:49:41.936 | 00 01 02 03 04 05 06 07 08 09 0a 0b 0c  |  -33
13:49:42.159 | 00 01 02 03 04 05 06 07 08 09 0a 0b 0c  |  -33
13:49:42.378 | 00 01 02 03 04 05 06 07 08 09 0a 0b 0c  |  -33
13:49:42.630 | 00 01 02 03 04 05 06 07 08 09 0a 0b 0c  |  -33
13:49:42.881 | 00 01 02 03 04 05 06 07 08 09 0a 0b 0c  |  -33
13:49:43.088 | 00 01 02 03 04 05 06 07 08 09 0a 0b 0c  |  -33
13:49:43.324 | 00 01 02 03 04 05 06 07 08 09 0a 0b 0c  |  -33
13:49:43.559 | 00 01 02 03 04 05 06 07 08 09 0a 0b 0c  |  -33
13:49:43.789 | 00 01 02 03 04 05 06 07 08 09 0a 0b 0c  |  -33
13:49:44.018 | 00 01 02 03 04 05 06 07 08 09 0a 0b 0c  |  -33
13:49:44.253 | 00 01 02 03 04 05 06 07 08 09 0a 0b 0c  |  -33
13:49:44.490 | 00 01 02 03 04 05 06 07 08 09 0a 0b 0c  |  -33
13:49:44.728 | 00 01 02 03 04 05 06 07 08 09 0a 0b 0c  |  -33
13:49:44.960 | 00 01 02 03 04 05 06 07 08 09 0a 0b 0c  |  -33
13:49:45.192 | 00 01 02 03 04 05 06 07 08 09 0a 0b 0c  |  -33
13:49:45.403 | 00 01 02 03 04 05 06 07 08 09 0a 0b 0c  |  -33
13:49:45.638 | 00 01 02 03 04 05 06 07 08 09 0a 0b 0c  |  -33
13:49:45.874 | 00 01 02 03 04 05 06 07 08 09 0a 0b 0c  |  -33
13:49:46.094 | 00 01 02 03 04 05 06 07 08 09 0a 0b 0c  |  -33
13:49:46.331 | 00 01 02 03 04 05 06 07 08 09 0a 0b 0c  |  -33
13:49:46.566 | 00 01 02 03 04 05 06 07 08 09 0a 0b 0c  |  -33
13:49:46.802 | 00 01 02 03 04 05 06 07 08 09 0a 0b 0c  |  -33
13:49:47.038 | 00 01 02 03 04 05 06 07 08 09 0a 0b 0c  |  -33
13:49:47.258 | 00 01 02 03 04 05 06 07 08 09 0a 0b 0c  |  -33
13:49:47.496 | 00 01 02 03 04 05 06 07 08 09 0a 0b 0c  |  -33
13:49:47.714 | 00 01 02 03 04 05 06 07 08 09 0a 0b 0c  |  -33
13:49:47.934 | 00 01 02 03 04 05 06 07 08 09 0a 0b 0c  |  -33
13:49:48.169 | 00 01 02 03 04 05 06 07 08 09 0a 0b 0c  |  -33
13:49:48.397 | 00 01 02 03 04 05 06 07 08 09 0a 0b 0c  |  -33
13:49:48.632 | 00 01 02 03 04 05 06 07 08 09 0a 0b 0c  |  -33
13:49:48.865 | 00 01 02 03 04 05 06 07 08 09 0a 0b 0c  |  -33
13:49:49.105 | 00 01 02 03 04 05 06 07 08 09 0a 0b 0c  |  -32
13:49:49.338 | 00 01 02 03 04 05 06 07 08 09 0a 0b 0c  |  -32
13:49:49.573 | 00 01 02 03 04 05 06 07 08 09 0a 0b 0c  |  -33
13:49:49.800 | 00 01 02 03 04 05 06 07 08 09 0a 0b 0c  |  -32
13:49:50.029 | 00 01 02 03 04 05 06 07 08 09 0a 0b 0c  |  -33
13:49:50.264 | 00 01 02 03 04 05 06 07 08 09 0a 0b 0c  |  -32
13:49:50.484 | 00 01 02 03 04 05 06 07 08 09 0a 0b 0c  |  -33
13:49:50.705 | 00 01 02 03 04 05 06 07 08 09 0a 0b 0c  |  -33
13:49:50.957 | 00 01 02 03 04 05 06 07 08 09 0a 0b 0c  |  -32
13:49:51.180 | 00 01 02 03 04 05 06 07 08 09 0a 0b 0c  |  -33
13:49:51.414 | 00 01 02 03 04 05 06 07 08 09 0a 0b 0c  |  -33
13:49:51.636 | 00 01 02 03 04 05 06 07 08 09 0a 0b 0c  |  -33
13:49:51.856 | 00 01 02 03 04 05 06 07 08 09 0a 0b 0c  |  -33
13:49:52.115 | 00 01 02 03 04 05 06 07 08 09 0a 0b 0c  |  -33
13:49:52.328 | 00 01 02 03 04 05 06 07 08 09 0a 0b 0c  |  -32
13:49:52.580 | 00 01 02 03 04 05 06 07 08 09 0a 0b 0c  |  -32
13:49:52.824 | 00 01 02 03 04 05 06 07 08 09 0a 0b 0c  |  -32
13:49:53.044 | 00 01 02 03 04 05 06 07 08 09 0a 0b 0c  |  -33
13:49:53.291 | 00 01 02 03 04 05 06 07 08 09 0a 0b 0c  |  -34
13:49:53.508 | 00 01 02 03 04 05 06 07 08 09 0a 0b 0c  |  -35
13:49:53.731 | 00 01 02 03 04 05 06 07 08 09 0a 0b 0c  |  -34
13:49:53.950 | 00 01 02 03 04 05 06 07 08 09 0a 0b 0c  |  -35
13:49:54.214 | 00 01 02 03 04 05 06 07 08 09 0a 0b 0c  |  -35
13:49:54.445 | 00 01 02 03 04 05 06 07 08 09 0a 0b 0c  |  -34
13:49:54.668 | 00 01 02 03 04 05 06 07 08 09 0a 0b 0c  |  -34
13:49:54.888 | 00 01 02 03 04 05 06 07 08 09 0a 0b 0c  |  -33
13:49:55.124 | 00 01 02 03 04 05 06 07 08 09 0a 0b 0c  |  -33
13:49:55.360 | 00 01 02 03 04 05 06 07 08 09 0a 0b 0c  |  -33
13:49:55.580 | 00 01 02 03 04 05 06 07 08 09 0a 0b 0c  |  -33
13:49:55.801 | 00 01 02 03 04 05 06 07 08 09 0a 0b 0c  |  -33
13:49:56.037 | 00 01 02 03 04 05 06 07 08 09 0a 0b 0c  |  -32
13:49:56.279 | 00 01 02 03 04 05 06 07 08 09 0a 0b 0c  |  -32
13:49:56.514 | 00 01 02 03 04 05 06 07 08 09 0a 0b 0c  |  -32
13:49:56.749 | 00 01 02 03 04 05 06 07 08 09 0a 0b 0c  |  -32
13:49:57.001 | 00 01 02 03 04 05 06 07 08 09 0a 0b 0c  |  -32
13:49:57.226 | 00 01 02 03 04 05 06 07 08 09 0a 0b 0c  |  -32
13:49:57.492 | 00 01 02 03 04 05 06 07 08 09 0a 0b 0c  |  -33
13:49:57.697 | 00 01 02 03 04 05 06 07 08 09 0a 0b 0c  |  -34
13:49:57.918 | 00 01 02 03 04 05 06 07 08 09 0a 0b 0c  |  -33
13:49:58.138 | 00 01 02 03 04 05 06 07 08 09 0a 0b 0c  |  -32
13:49:58.370 | 00 01 02 03 04 05 06 07 08 09 0a 0b 0c  |  -32
13:49:58.594 | 00 01 02 03 04 05 06 07 08 09 0a 0b 0c  |  -33
13:49:58.831 | 00 01 02 03 04 05 06 07 08 09 0a 0b 0c  |  -32
13:49:59.056 | 00 01 02 03 04 05 06 07 08 09 0a 0b 0c  |  -33
13:49:59.294 | 00 01 02 03 04 05 06 07 08 09 0a 0b 0c  |  -33
13:49:59.526 | 00 01 02 03 04 05 06 07 08 09 0a 0b 0c  |  -33
13:49:59.730 | 00 01 02 03 04 05 06 07 08 09 0a 0b 0c  |  -32
13:49:59.950 | 00 01 02 03 04 05 06 07 08 09 0a 0b 0c  |  -32
13:50:00.186 | 00 01 02 03 04 05 06 07 08 09 0a 0b 0c  |  -33
13:50:00.433 | 00 01 02 03 04 05 06 07 08 09 0a 0b 0c  |  -33
13:50:00.686 | 00 01 02 03 04 05 06 07 08 09 0a 0b 0c  |  -32
13:50:00.921 | 00 01 02 03 04 05 06 07 08 09 0a 0b 0c  |  -32
13:50:01.141 | 00 01 02 03 04 05 06 07 08 09 0a 0b 0c  |  -32
13:50:01.405 | 00 01 02 03 04 05 06 07 08 09 0a 0b 0c  |  -31
13:50:01.654 | 00 01 02 03 04 05 06 07 08 09 0a 0b 0c  |  -31
13:50:01.885 | 00 01 02 03 04 05 06 07 08 09 0a 0b 0c  |  -31
13:50:02.123 | 00 01 02 03 04 05 06 07 08 09 0a 0b 0c  |  -32
13:50:02.357 | 00 01 02 03 04 05 06 07 08 09 0a 0b 0c  |  -33
13:50:02.592 | 00 01 02 03 04 05 06 07 08 09 0a 0b 0c  |  -33
13:50:02.829 | 00 01 02 03 04 05 06 07 08 09 0a 0b 0c  |  -33
13:50:03.033 | 00 01 02 03 04 05 06 07 08 09 0a 0b 0c  |  -32
13:50:03.264 | 00 01 02 03 04 05 06 07 08 09 0a 0b 0c  |  -32
13:50:03.490 | 00 01 02 03 04 05 06 07 08 09 0a 0b 0c  |  -32
13:50:03.726 | 00 01 02 03 04 05 06 07 08 09 0a 0b 0c  |  -32
13:50:03.947 | 00 01 02 03 04 05 06 07 08 09 0a 0b 0c  |  -33
13:50:04.183 | 00 01 02 03 04 05 06 07 08 09 0a 0b 0c  |  -32
13:50:04.398 | 00 01 02 03 04 05 06 07 08 09 0a 0b 0c  |  -32
13:50:04.614 | 00 01 02 03 04 05 06 07 08 09 0a 0b 0c  |  -32
13:50:04.845 | 00 01 02 03 04 05 06 07 08 09 0a 0b 0c  |  -32
13:50:05.074 | 00 01 02 03 04 05 06 07 08 09 0a 0b 0c  |  -32
13:50:05.313 | 00 01 02 03 04 05 06 07 08 09 0a 0b 0c  |  -32
13:50:05.547 | 00 01 02 03 04 05 06 07 08 09 0a 0b 0c  |  -32
13:50:05.768 | 00 01 02 03 04 05 06 07 08 09 0a 0b 0c  |  -31
13:50:06.002 | 00 01 02 03 04 05 06 07 08 09 0a 0b 0c  |  -32
13:50:06.232 | 00 01 02 03 04 05 06 07 08 09 0a 0b 0c  |  -32
13:50:06.458 | 00 01 02 03 04 05 06 07 08 09 0a 0b 0c  |  -33
13:50:06.712 | 00 01 02 03 04 05 06 07 08 09 0a 0b 0c  |  -32
13:50:06.949 | 00 01 02 03 04 05 06 07 08 09 0a 0b 0c  |  -32
13:50:07.184 | 00 01 02 03 04 05 06 07 08 09 0a 0b 0c  |  -32
13:50:07.419 | 00 01 02 03 04 05 06 07 08 09 0a 0b 0c  |  -32
13:50:07.683 | 00 01 02 03 04 05 06 07 08 09 0a 0b 0c  |  -32
13:50:07.892 | 00 01 02 03 04 05 06 07 08 09 0a 0b 0c  |  -32
13:50:08.114 | 00 01 02 03 04 05 06 07 08 09 0a 0b 0c  |  -32
13:50:08.335 | 00 01 02 03 04 05 06 07 08 09 0a 0b 0c  |  -33
13:50:08.570 | 00 01 02 03 04 05 06 07 08 09 0a 0b 0c  |  -32
13:50:08.789 | 00 01 02 03 04 05 06 07 08 09 0a 0b 0c  |  -31
13:50:09.025 | 00 01 02 03 04 05 06 07 08 09 0a 0b 0c  |  -31
13:50:09.240 | 00 01 02 03 04 05 06 07 08 09 0a 0b 0c  |  -32
13:50:09.477 | 00 01 02 03 04 05 06 07 08 09 0a 0b 0c  |  -34
13:50:09.728 | 00 01 02 03 04 05 06 07 08 09 0a 0b 0c  |  -31
13:50:09.950 | 00 01 02 03 04 05 06 07 08 09 0a 0b 0c  |  -32
13:50:10.186 | 00 01 02 03 04 05 06 07 08 09 0a 0b 0c  |  -32
13:50:10.421 | 00 01 02 03 04 05 06 07 08 09 0a 0b 0c  |  -33
13:50:10.657 | 00 01 02 03 04 05 06 07 08 09 0a 0b 0c  |  -32
13:50:10.893 | 00 01 02 03 04 05 06 07 08 09 0a 0b 0c  |  -31
13:50:11.113 | 00 01 02 03 04 05 06 07 08 09 0a 0b 0c  |  -32
13:50:11.348 | 00 01 02 03 04 05 06 07 08 09 0a 0b 0c  |  -31
13:50:11.581 | 00 01 02 03 04 05 06 07 08 09 0a 0b 0c  |  -30
13:50:11.807 | 00 01 02 03 04 05 06 07 08 09 0a 0b 0c  |  -32
13:50:12.027 | 00 01 02 03 04 05 06 07 08 09 0a 0b 0c  |  -36
13:50:12.248 | 00 01 02 03 04 05 06 07 08 09 0a 0b 0c  |  -32
13:50:12.486 | 00 01 02 03 04 05 06 07 08 09 0a 0b 0c  |  -35
13:50:12.691 | 00 01 02 03 04 05 06 07 08 09 0a 0b 0c  |  -35
13:50:12.927 | 00 01 02 03 04 05 06 07 08 09 0a 0b 0c  |  -35
13:50:13.163 | 00 01 02 03 04 05 06 07 08 09 0a 0b 0c  |  -34
13:50:13.383 | 00 01 02 03 04 05 06 07 08 09 0a 0b 0c  |  -34
13:50:13.638 | 00 01 02 03 04 05 06 07 08 09 0a 0b 0c  |  -34
13:50:13.856 | 00 01 02 03 04 05 06 07 08 09 0a 0b 0c  |  -34
13:50:14.092 | 00 01 02 03 04 05 06 07 08 09 0a 0b 0c  |  -33
13:50:14.328 | 00 01 02 03 04 05 06 07 08 09 0a 0b 0c  |  -33
13:50:14.566 | 00 01 02 03 04 05 06 07 08 09 0a 0b 0c  |  -33
13:50:14.774 | 00 01 02 03 04 05 06 07 08 09 0a 0b 0c  |  -33
13:50:15.011 | 00 01 02 03 04 05 06 07 08 09 0a 0b 0c  |  -33
13:50:15.255 | 00 01 02 03 04 05 06 07 08 09 0a 0b 0c  |  -33
13:50:15.486 | 00 01 02 03 04 05 06 07 08 09 0a 0b 0c  |  -33
13:50:15.733 | 00 01 02 03 04 05 06 07 08 09 0a 0b 0c  |  -33
13:50:15.975 | 00 01 02 03 04 05 06 07 08 09 0a 0b 0c  |  -36
13:50:16.190 | 00 01 02 03 04 05 06 07 08 09 0a 0b 0c  |  -35
13:50:16.424 | 00 01 02 03 04 05 06 07 08 09 0a 0b 0c  |  -34
13:50:16.637 | 00 01 02 03 04 05 06 07 08 09 0a 0b 0c  |  -34
13:50:16.905 | 00 01 02 03 04 05 06 07 08 09 0a 0b 0c  |  -33
13:50:17.148 | 00 01 02 03 04 05 06 07 08 09 0a 0b 0c  |  -32
13:50:17.367 | 00 01 02 03 04 05 06 07 08 09 0a 0b 0c  |  -32
13:50:17.612 | 00 01 02 03 04 05 06 07 08 09 0a 0b 0c  |  -32
13:50:17.847 | 00 01 02 03 04 05 06 07 08 09 0a 0b 0c  |  -33
13:50:18.083 | 00 01 02 03 04 05 06 07 08 09 0a 0b 0c  |  -32
13:50:18.320 | 00 01 02 03 04 05 06 07 08 09 0a 0b 0c  |  -31
13:50:18.556 | 00 01 02 03 04 05 06 07 08 09 0a 0b 0c  |  -32
13:50:18.788 | 00 01 02 03 04 05 06 07 08 09 0a 0b 0c  |  -32
13:50:19.014 | 00 01 02 03 04 05 06 07 08 09 0a 0b 0c  |  -33
13:50:19.249 | 00 01 02 03 04 05 06 07 08 09 0a 0b 0c  |  -31
13:50:19.486 | 00 01 02 03 04 05 06 07 08 09 0a 0b 0c  |  -31
13:50:19.722 | 00 01 02 03 04 05 06 07 08 09 0a 0b 0c  |  -32
13:50:19.958 | 00 01 02 03 04 05 06 07 08 09 0a 0b 0c  |  -31
13:50:20.193 | 00 01 02 03 04 05 06 07 08 09 0a 0b 0c  |  -32
13:50:20.414 | 00 01 02 03 04 05 06 07 08 09 0a 0b 0c  |  -31
13:50:20.618 | 00 01 02 03 04 05 06 07 08 09 0a 0b 0c  |  -32
13:50:20.841 | 00 01 02 03 04 05 06 07 08 09 0a 0b 0c  |  -32
13:50:21.064 | 00 01 02 03 04 05 06 07 08 09 0a 0b 0c  |  -31
13:50:21.304 | 00 01 02 03 04 05 06 07 08 09 0a 0b 0c  |  -32
13:50:21.527 | 00 01 02 03 04 05 06 07 08 09 0a 0b 0c  |  -32
13:50:21.773 | 00 01 02 03 04 05 06 07 08 09 0a 0b 0c  |  -32
13:50:21.984 | 00 01 02 03 04 05 06 07 08 09 0a 0b 0c  |  -32
13:50:22.220 | 00 01 02 03 04 05 06 07 08 09 0a 0b 0c  |  -32
13:50:22.445 | 00 01 02 03 04 05 06 07 08 09 0a 0b 0c  |  -33
13:50:22.681 | 00 01 02 03 04 05 06 07 08 09 0a 0b 0c  |  -33
13:50:22.923 | 00 01 02 03 04 05 06 07 08 09 0a 0b 0c  |  -33
13:50:23.168 | 00 01 02 03 04 05 06 07 08 09 0a 0b 0c  |  -34
13:50:23.406 | 00 01 02 03 04 05 06 07 08 09 0a 0b 0c  |  -33
13:50:23.642 | 00 01 02 03 04 05 06 07 08 09 0a 0b 0c  |  -33
13:50:23.869 | 00 01 02 03 04 05 06 07 08 09 0a 0b 0c  |  -33
13:50:24.097 | 00 01 02 03 04 05 06 07 08 09 0a 0b 0c  |  -32
13:50:24.332 | 00 01 02 03 04 05 06 07 08 09 0a 0b 0c  |  -32
13:50:24.571 | 00 01 02 03 04 05 06 07 08 09 0a 0b 0c  |  -33
13:50:24.804 | 00 01 02 03 04 05 06 07 08 09 0a 0b 0c  |  -33
13:50:25.030 | 00 01 02 03 04 05 06 07 08 09 0a 0b 0c  |  -33
13:50:25.330 | 00 01 02 03 04 05 06 07 08 09 0a 0b 0c  |  -33
13:50:25.486 | 00 01 02 03 04 05 06 07 08 09 0a 0b 0c  |  -33
13:50:25.730 | 00 01 02 03 04 05 06 07 08 09 0a 0b 0c  |  -33
13:50:25.963 | 00 01 02 03 04 05 06 07 08 09 0a 0b 0c  |  -33
13:50:26.215 | 00 01 02 03 04 05 06 07 08 09 0a 0b 0c  |  -33
13:50:26.435 | 00 01 02 03 04 05 06 07 08 09 0a 0b 0c  |  -34
13:50:26.664 | 00 01 02 03 04 05 06 07 08 09 0a 0b 0c  |  -34
13:50:26.914 | 00 01 02 03 04 05 06 07 08 09 0a 0b 0c  |  -36
13:50:27.134 | 00 01 02 03 04 05 06 07 08 09 0a 0b 0c  |  -34
13:50:27.372 | 00 01 02 03 04 05 06 07 08 09 0a 0b 0c  |  -33
13:50:27.611 | 00 01 02 03 04 05 06 07 08 09 0a 0b 0c  |  -36
13:50:27.847 | 00 01 02 03 04 05 06 07 08 09 0a 0b 0c  |  -33
13:50:28.078 | 00 01 02 03 04 05 06 07 08 09 0a 0b 0c  |  -33
13:50:28.307 | 00 01 02 03 04 05 06 07 08 09 0a 0b 0c  |  -35
13:50:28.528 | 00 01 02 03 04 05 06 07 08 09 0a 0b 0c  |  -40
13:50:28.780 | 00 01 02 03 04 05 06 07 08 09 0a 0b 0c  |  -39
13:50:29.031 | 00 01 02 03 04 05 06 07 08 09 0a 0b 0c  |  -38
13:50:29.270 | 00 01 02 03 04 05 06 07 08 09 0a 0b 0c  |  -37
13:50:29.506 | 00 01 02 03 04 05 06 07 08 09 0a 0b 0c  |  -38
13:50:29.742 | 00 01 02 03 04 05 06 07 08 09 0a 0b 0c  |  -39
13:50:29.963 | 00 01 02 03 04 05 06 07 08 09 0a 0b 0c  |  -39
13:50:30.216 | 00 01 02 03 04 05 06 07 08 09 0a 0b 0c  |  -38
13:50:30.435 | 00 01 02 03 04 05 06 07 08 09 0a 0b 0c  |  -35
13:50:30.671 | 00 01 02 03 04 05 06 07 08 09 0a 0b 0c  |  -32
13:50:30.909 | 00 01 02 03 04 05 06 07 08 09 0a 0b 0c  |  -32
13:50:31.129 | 00 01 02 03 04 05 06 07 08 09 0a 0b 0c  |  -31
13:50:31.353 | 00 01 02 03 04 05 06 07 08 09 0a 0b 0c  |  -31
13:50:31.589 | 00 01 02 03 04 05 06 07 08 09 0a 0b 0c  |  -31
13:50:31.830 | 00 01 02 03 04 05 06 07 08 09 0a 0b 0c  |  -31
13:50:32.063 | 00 01 02 03 04 05 06 07 08 09 0a 0b 0c  |  -32
13:50:32.286 | 00 01 02 03 04 05 06 07 08 09 0a 0b 0c  |  -33
13:50:32.508 | 00 01 02 03 04 05 06 07 08 09 0a 0b 0c  |  -33
13:50:32.755 | 00 01 02 03 04 05 06 07 08 09 0a 0b 0c  |  -32
13:50:32.975 | 00 01 02 03 04 05 06 07 08 09 0a 0b 0c  |  -32
13:50:33.202 | 00 01 02 03 04 05 06 07 08 09 0a 0b 0c  |  -31
13:50:33.416 | 00 01 02 03 04 05 06 07 08 09 0a 0b 0c  |  -33
13:50:33.652 | 00 01 02 03 04 05 06 07 08 09 0a 0b 0c  |  -32
13:50:33.905 | 00 01 02 03 04 05 06 07 08 09 0a 0b 0c  |  -32
13:50:34.140 | 00 01 02 03 04 05 06 07 08 09 0a 0b 0c  |  -33
13:50:34.362 | 00 01 02 03 04 05 06 07 08 09 0a 0b 0c  |  -33
