13:52:05.528 | 00 01 02 03 04 05 06 07 08 09 0a 0b 0c  |  -48
13:52:05.728 | 00 01 02 03 04 05 06 07 08 09 0a 0b 0c  |  -48
13:52:05.946 | 00 01 02 03 04 05 06 07 08 09 0a 0b 0c  |  -48
13:52:06.185 | 00 01 02 03 04 05 06 07 08 09 0a 0b 0c  |  -48
13:52:06.410 | 00 01 02 03 04 05 06 07 08 09 0a 0b 0c  |  -48
13:52:06.643 | 00 01 02 03 04 05 06 07 08 09 0a 0b 0c  |  -47
13:52:06.866 | 00 01 02 03 04 05 06 07 08 09 0a 0b 0c  |  -48
13:52:07.084 | 00 01 02 03 04 05 06 07 08 09 0a 0b 0c  |  -48
13:52:07.336 | 00 01 02 03 04 05 06 07 08 09 0a 0b 0c  |  -48
13:52:07.556 | 00 01 02 03 04 05 06 07 08 09 0a 0b 0c  |  -48
13:52:07.792 | 00 01 02 03 04 05 06 07 08 09 0a 0b 0c  |  -48
13:52:08.018 | 00 01 02 03 04 05 06 07 08 09 0a 0b 0c  |  -48
13:52:08.238 | 00 01 02 03 04 05 06 07 08 09 0a 0b 0c  |  -48
13:52:08.489 | 00 01 02 03 04 05 06 07 08 09 0a 0b 0c  |  -48
13:52:08.694 | 00 01 02 03 04 05 06 07 08 09 0a 0b 0c  |  -48
13:52:08.930 | 00 01 02 03 04 05 06 07 08 09 0a 0b 0c  |  -48
13:52:09.166 | 00 01 02 03 04 05 06 07 08 09 0a 0b 0c  |  -48
13:52:09.404 | 00 01 02 03 04 05 06 07 08 09 0a 0b 0c  |  -48
13:52:09.638 | 00 01 02 03 04 05 06 07 08 09 0a 0b 0c  |  -48
13:52:09.853 | 00 01 02 03 04 05 06 07 08 09 0a 0b 0c  |  -48
13:52:10.105 | 00 01 02 03 04 05 06 07 08 09 0a 0b 0c  |  -48
13:52:10.340 | 00 01 02 03 04 05 06 07 08 09 0a 0b 0c  |  -48
13:52:10.576 | 00 01 02 03 04 05 06 07 08 09 0a 0b 0c  |  -48
13:52:10.812 | 00 01 02 03 04 05 06 07 08 09 0a 0b 0c  |  -48
13:52:11.048 | 00 01 02 03 04 05 06 07 08 09 0a 0b 0c  |  -47
13:52:11.268 | 00 01 02 03 04 05 06 07 08 09 0a 0b 0c  |  -48
13:52:11.503 | 00 01 02 03 04 05 06 07 08 09 0a 0b 0c  |  -47
13:52:11.740 | 00 01 02 03 04 05 06 07 08 09 0a 0b 0c  |  -47
13:52:11.974 | 00 01 02 03 04 05 06 07 08 09 0a 0b 0c  |  -47
13:52:12.217 | 00 01 02 03 04 05 06 07 08 09 0a 0b 0c  |  -48
13:52:12.446 | 00 01 02 03 04 05 06 07 08 09 0a 0b 0c  |  -47
13:52:12.716 | 00 01 02 03 04 05 06 07 08 09 0a 0b 0c  |  -47
13:52:12.949 | 00 01 02 03 04 05 06 07 08 09 0a 0b 0c  |  -47
13:52:13.185 | 00 01 02 03 04 05 06 07 08 09 0a 0b 0c  |  -47
13:52:13.420 | 00 01 02 03 04 05 06 07 08 09 0a 0b 0c  |  -48
13:52:13.672 | 00 01 02 03 04 05 06 07 08 09 0a 0b 0c  |  -48
13:52:13.892 | 00 01 02 03 04 05 06 07 08 09 0a 0b 0c  |  -48
13:52:14.144 | 00 01 02 03 04 05 06 07 08 09 0a 0b 0c  |  -48
13:52:14.380 | 00 01 02 03 04 05 06 07 08 09 0a 0b 0c  |  -48
13:52:14.631 | 00 01 02 03 04 05 06 07 08 09 0a 0b 0c  |  -48
13:52:14.851 | 00 01 02 03 04 05 06 07 08 09 0a 0b 0c  |  -48
13:52:15.071 | 00 01 02 03 04 05 06 07 08 09 0a 0b 0c  |  -47
13:52:15.322 | 00 01 02 03 04 05 06 07 08 09 0a 0b 0c  |  -46
13:52:15.552 | 00 01 02 03 04 05 06 07 08 09 0a 0b 0c  |  -46
13:52:15.800 | 00 01 02 03 04 05 06 07 08 09 0a 0b 0c  |  -46
13:52:16.022 | 00 01 02 03 04 05 06 07 08 09 0a 0b 0c  |  -46
13:52:16.258 | 00 01 02 03 04 05 06 07 08 09 0a 0b 0c  |  -46
13:52:16.494 | 00 01 02 03 04 05 06 07 08 09 0a 0b 0c  |  -47
13:52:16.730 | 00 01 02 03 04 05 06 07 08 09 0a 0b 0c  |  -47
13:52:16.966 | 00 01 02 03 04 05 06 07 08 09 0a 0b 0c  |  -46
13:52:17.208 | 00 01 02 03 04 05 06 07 08 09 0a 0b 0c  |  -46
13:52:17.439 | 00 01 02 03 04 05 06 07 08 09 0a 0b 0c  |  -46
13:52:17.699 | 00 01 02 03 04 05 06 07 08 09 0a 0b 0c  |  -46
13:52:17.951 | 00 01 02 03 04 05 06 07 08 09 0a 0b 0c  |  -46
13:52:18.171 | 00 01 02 03 04 05 06 07 08 09 0a 0b 0c  |  -47
13:52:18.422 | 00 01 02 03 04 05 06 07 08 09 0a 0b 0c  |  -48
13:52:18.649 | 00 01 02 03 04 05 06 07 08 09 0a 0b 0c  |  -48
13:52:18.884 | 00 01 02 03 04 05 06 07 08 09 0a 0b 0c  |  -48
13:52:19.120 | 00 01 02 03 04 05 06 07 08 09 0a 0b 0c  |  -48
13:52:19.356 | 00 01 02 03 04 05 06 07 08 09 0a 0b 0c  |  -48
13:52:19.592 | 00 01 02 03 04 05 06 07 08 09 0a 0b 0c  |  -48
13:52:19.828 | 00 01 02 03 04 05 06 07 08 09 0a 0b 0c  |  -48
13:52:20.060 | 00 01 02 03 04 05 06 07 08 09 0a 0b 0c  |  -48
13:52:20.298 | 00 01 02 03 04 05 06 07 08 09 0a 0b 0c  |  -48
13:52:20.531 | 00 01 02 03 04 05 06 07 08 09 0a 0b 0c  |  -48
13:52:20.765 | 00 01 02 03 04 05 06 07 08 09 0a 0b 0c  |  -48
13:52:20.997 | 00 01 02 03 04 05 06 07 08 09 0a 0b 0c  |  -48
13:52:21.233 | 00 01 02 03 04 05 06 07 08 09 0a 0b 0c  |  -48
13:52:21.455 | 00 01 02 03 04 05 06 07 08 09 0a 0b 0c  |  -48
13:52:21.691 | 00 01 02 03 04 05 06 07 08 09 0a 0b 0c  |  -48
13:52:21.937 | 00 01 02 03 04 05 06 07 08 09 0a 0b 0c  |  -48
13:52:22.169 | 00 01 02 03 04 05 06 07 08 09 0a 0b 0c  |  -48
13:52:22.387 | 00 01 02 03 04 05 06 07 08 09 0a 0b 0c  |  -48
13:52:22.627 | 00 01 02 03 04 05 06 07 08 09 0a 0b 0c  |  -48
13:52:22.857 | 00 01 02 03 04 05 06 07 08 09 0a 0b 0c  |  -48
13:52:23.100 | 00 01 02 03 04 05 06 07 08 09 0a 0b 0c  |  -48
13:52:23.336 | 00 01 02 03 04 05 06 07 08 09 0a 0b 0c  |  -48
13:52:23.597 | 00 01 02 03 04 05 06 07 08 09 0a 0b 0c  |  -48
13:52:23.858 | 00 01 02 03 04 05 06 07 08 09 0a 0b 0c  |  -48
13:52:24.091 | 00 01 02 03 04 05 06 07 08 09 0a 0b 0c  |  -48
13:52:24.327 | 00 01 02 03 04 05 06 07 08 09 0a 0b 0c  |  -48
13:52:24.547 | 00 01 02 03 04 05 06 07 08 09 0a 0b 0c  |  -48
13:52:24.784 | 00 01 02 03 04 05 06 07 08 09 0a 0b 0c  |  -48
13:52:25.005 | 00 01 02 03 04 05 06 07 08 09 0a 0b 0c  |  -48
13:52:25.253 | 00 01 02 03 04 05 06 07 08 09 0a 0b 0c  |  -48
13:52:25.489 | 00 01 02 03 04 05 06 07 08 09 0a 0b 0c  |  -48
13:52:25.740 | 00 01 02 03 04 05 06 07 08 09 0a 0b 0c  |  -48
13:52:25.961 | 00 01 02 03 04 05 06 07 08 09 0a 0b 0c  |  -48
13:52:26.209 | 00 01 02 03 04 05 06 07 08 09 0a 0b 0c  |  -48
13:52:26.433 | 00 01 02 03 04 05 06 07 08 09 0a 0b 0c  |  -48
13:52:26.669 | 00 01 02 03 04 05 06 07 08 09 0a 0b 0c  |  -46
13:52:26.920 | 00 01 02 03 04 05 06 07 08 09 0a 0b 0c  |  -46
13:52:27.162 | 00 01 02 03 04 05 06 07 08 09 0a 0b 0c  |  -46
13:52:27.425 | 00 01 02 03 04 05 06 07 08 09 0a 0b 0c  |  -46
13:52:27.653 | 00 01 02 03 04 05 06 07 08 09 0a 0b 0c  |  -48
13:52:27.890 | 00 01 02 03 04 05 06 07 08 09 0a 0b 0c  |  -46
13:52:28.153 | 00 01 02 03 04 05 06 07 08 09 0a 0b 0c  |  -45
13:52:28.378 | 00 01 02 03 04 05 06 07 08 09 0a 0b 0c  |  -44
13:52:28.630 | 00 01 02 03 04 05 06 07 08 09 0a 0b 0c  |  -43
13:52:28.857 | 00 01 02 03 04 05 06 07 08 09 0a 0b 0c  |  -43
13:52:29.091 | 00 01 02 03 04 05 06 07 08 09 0a 0b 0c  |  -46
13:52:29.337 | 00 01 02 03 04 05 06 07 08 09 0a 0b 0c  |  -46
13:52:29.574 | 00 01 02 03 04 05 06 07 08 09 0a 0b 0c  |  -45
13:52:29.815 | 00 01 02 03 04 05 06 07 08 09 0a 0b 0c  |  -45
13:52:30.037 | 00 01 02 03 04 05 06 07 08 09 0a 0b 0c  |  -46
13:52:30.288 | 00 01 02 03 04 05 06 07 08 09 0a 0b 0c  |  -47
13:52:30.540 | 00 01 02 03 04 05 06 07 08 09 0a 0b 0c  |  -47
13:52:30.801 | 00 01 02 03 04 05 06 07 08 09 0a 0b 0c  |  -48
13:52:31.043 | 00 01 02 03 04 05 06 07 08 09 0a 0b 0c  |  -47
13:52:31.264 | 00 01 02 03 04 05 06 07 08 09 0a 0b 0c  |  -47
13:52:31.515 | 00 01 02 03 04 05 06 07 08 09 0a 0b 0c  |  -47
13:52:31.768 | 00 01 02 03 04 05 06 07 08 09 0a 0b 0c  |  -46
13:52:32.020 | 00 01 02 03 04 05 06 07 08 09 0a 0b 0c  |  -45
13:52:32.240 | 00 01 02 03 04 05 06 07 08 09 0a 0b 0c  |  -45
13:52:32.480 | 00 01 02 03 04 05 06 07 08 09 0a 0b 0c  |  -46
13:52:32.714 | 00 01 02 03 04 05 06 07 08 09 0a 0b 0c  |  -46
13:52:32.940 | 00 01 02 03 04 05 06 07 08 09 0a 0b 0c  |  -46
13:52:33.180 | 00 01 02 03 04 05 06 07 08 09 0a 0b 0c  |  -45
13:52:33.450 | 00 01 02 03 04 05 06 07 08 09 0a 0b 0c  |  -45
13:52:33.675 | 00 01 02 03 04 05 06 07 08 09 0a 0b 0c  |  -45
13:52:33.976 | 00 01 02 03 04 05 06 07 08 09 0a 0b 0c  |  -45
13:52:34.152 | 00 01 02 03 04 05 06 07 08 09 0a 0b 0c  |  -45
13:52:34.390 | 00 01 02 03 04 05 06 07 08 09 0a 0b 0c  |  -46
13:52:34.623 | 00 01 02 03 04 05 06 07 08 09 0a 0b 0c  |  -46
13:52:34.874 | 00 01 02 03 04 05 06 07 08 09 0a 0b 0c  |  -45
13:52:35.096 | 00 01 02 03 04 05 06 07 08 09 0a 0b 0c  |  -46
13:52:35.347 | 00 01 02 03 04 05 06 07 08 09 0a 0b 0c  |  -46
13:52:35.567 | 00 01 02 03 04 05 06 07 08 09 0a 0b 0c  |  -48
13:52:35.803 | 00 01 02 03 04 05 06 07 08 09 0a 0b 0c  |  -48
13:52:36.038 | 00 01 02 03 04 05 06 07 08 09 0a 0b 0c  |  -48
13:52:36.258 | 00 01 02 03 04 05 06 07 08 09 0a 0b 0c  |  -48
13:52:36.500 | 00 01 02 03 04 05 06 07 08 09 0a 0b 0c  |  -48
13:52:36.751 | 00 01 02 03 04 05 06 07 08 09 0a 0b 0c  |  -48
13:52:36.988 | 00 01 02 03 04 05 06 07 08 09 0a 0b 0c  |  -48
13:52:37.208 | 00 01 02 03 04 05 06 07 08 09 0a 0b 0c  |  -48
13:52:37.444 | 00 01 02 03 04 05 06 07 08 09 0a 0b 0c  |  -48
13:52:37.690 | 00 01 02 03 04 05 06 07 08 09 0a 0b 0c  |  -47
13:52:37.950 | 00 01 02 03 04 05 06 07 08 09 0a 0b 0c  |  -48
13:52:38.168 | 00 01 02 03 04 05 06 07 08 09 0a 0b 0c  |  -47
13:52:38.420 | 00 01 02 03 04 05 06 07 08 09 0a 0b 0c  |  -45
13:52:38.656 | 00 01 02 03 04 05 06 07 08 09 0a 0b 0c  |  -45
13:52:38.877 | 00 01 02 03 04 05 06 07 08 09 0a 0b 0c  |  -44
13:52:39.113 | 00 01 02 03 04 05 06 07 08 09 0a 0b 0c  |  -44
13:52:39.349 | 00 01 02 03 04 05 06 07 08 09 0a 0b 0c  |  -44
13:52:39.593 | 00 01 02 03 04 05 06 07 08 09 0a 0b 0c  |  -43
13:52:39.821 | 00 01 02 03 04 05 06 07 08 09 0a 0b 0c  |  -44
13:52:40.073 | 00 01 02 03 04 05 06 07 08 09 0a 0b 0c  |  -44
13:52:40.310 | 00 01 02 03 04 05 06 07 08 09 0a 0b 0c  |  -45
13:52:40.545 | 00 01 02 03 04 05 06 07 08 09 0a 0b 0c  |  -45
13:52:40.781 | 00 01 02 03 04 05 06 07 08 09 0a 0b 0c  |  -45
13:52:41.016 | 00 01 02 03 04 05 06 07 08 09 0a 0b 0c  |  -45
13:52:41.248 | 00 01 02 03 04 05 06 07 08 09 0a 0b 0c  |  -44
13:52:41.516 | 00 01 02 03 04 05 06 07 08 09 0a 0b 0c  |  -44
13:52:41.736 | 00 01 02 03 04 05 06 07 08 09 0a 0b 0c  |  -45
13:52:41.967 | 00 01 02 03 04 05 06 07 08 09 0a 0b 0c  |  -44
13:52:42.198 | 00 01 02 03 04 05 06 07 08 09 0a 0b 0c  |  -44
13:52:42.429 | 00 01 02 03 04 05 06 07 08 09 0a 0b 0c  |  -44
13:52:42.679 | 00 01 02 03 04 05 06 07 08 09 0a 0b 0c  |  -44
13:52:42.912 | 00 01 02 03 04 05 06 07 08 09 0a 0b 0c  |  -44
13:52:43.168 | 00 01 02 03 04 05 06 07 08 09 0a 0b 0c  |  -44
13:52:43.401 | 00 01 02 03 04 05 06 07 08 09 0a 0b 0c  |  -43
13:52:43.637 | 00 01 02 03 04 05 06 07 08 09 0a 0b 0c  |  -43
13:52:43.857 | 00 01 02 03 04 05 06 07 08 09 0a 0b 0c  |  -43
13:52:44.086 | 00 01 02 03 04 05 06 07 08 09 0a 0b 0c  |  -43
13:52:44.314 | 00 01 02 03 04 05 06 07 08 09 0a 0b 0c  |  -42
13:52:44.566 | 00 01 02 03 04 05 06 07 08 09 0a 0b 0c  |  -44
13:52:44.786 | 00 01 02 03 04 05 06 07 08 09 0a 0b 0c  |  -45
13:52:45.022 | 00 01 02 03 04 05 06 07 08 09 0a 0b 0c  |  -43
13:52:45.268 | 00 01 02 03 04 05 06 07 08 09 0a 0b 0c  |  -43
13:52:45.493 | 00 01 02 03 04 05 06 07 08 09 0a 0b 0c  |  -43
13:52:45.729 | 00 01 02 03 04 05 06 07 08 09 0a 0b 0c  |  -43
13:52:45.964 | 00 01 02 03 04 05 06 07 08 09 0a 0b 0c  |  -43
13:52:46.199 | 00 01 02 03 04 05 06 07 08 09 0a 0b 0c  |  -43
13:52:46.437 | 00 01 02 03 04 05 06 07 08 09 0a 0b 0c  |  -43
13:52:46.682 | 00 01 02 03 04 05 06 07 08 09 0a 0b 0c  |  -43
13:52:46.934 | 00 01 02 03 04 05 06 07 08 09 0a 0b 0c  |  -43
13:52:47.168 | 00 01 02 03 04 05 06 07 08 09 0a 0b 0c  |  -43
13:52:47.389 | 00 01 02 03 04 05 06 07 08 09 0a 0b 0c  |  -42
13:52:47.626 | 00 01 02 03 04 05 06 07 08 09 0a 0b 0c  |  -43
13:52:47.862 | 00 01 02 03 04 05 06 07 08 09 0a 0b 0c  |  -43
13:52:48.113 | 00 01 02 03 04 05 06 07 08 09 0a 0b 0c  |  -43
13:52:48.352 | 00 01 02 03 04 05 06 07 08 09 0a 0b 0c  |  -43
13:52:48.599 | 00 01 02 03 04 05 06 07 08 09 0a 0b 0c  |  -44
13:52:48.819 | 00 01 02 03 04 05 06 07 08 09 0a 0b 0c  |  -45
13:52:49.056 | 00 01 02 03 04 05 06 07 08 09 0a 0b 0c  |  -45
13:52:49.294 | 00 01 02 03 04 05 06 07 08 09 0a 0b 0c  |  -43
13:52:49.517 | 00 01 02 03 04 05 06 07 08 09 0a 0b 0c  |  -43
13:52:49.751 | 00 01 02 03 04 05 06 07 08 09 0a 0b 0c  |  -43
13:52:49.987 | 00 01 02 03 04 05 06 07 08 09 0a 0b 0c  |  -44
13:52:50.238 | 00 01 02 03 04 05 06 07 08 09 0a 0b 0c  |  -43
13:52:50.473 | 00 01 02 03 04 05 06 07 08 09 0a 0b 0c  |  -42
13:52:50.710 | 00 01 02 03 04 05 06 07 08 09 0a 0b 0c  |  -43
13:52:50.948 | 00 01 02 03 04 05 06 07 08 09 0a 0b 0c  |  -43
13:52:51.166 | 00 01 02 03 04 05 06 07 08 09 0a 0b 0c  |  -43
13:52:51.386 | 00 01 02 03 04 05 06 07 08 09 0a 0b 0c  |  -42
13:52:51.630 | 00 01 02 03 04 05 06 07 08 09 0a 0b 0c  |  -42
13:52:51.869 | 00 01 02 03 04 05 06 07 08 09 0a 0b 0c  |  -43
13:52:52.090 | 00 01 02 03 04 05 06 07 08 09 0a 0b 0c  |  -44
13:52:52.328 | 00 01 02 03 04 05 06 07 08 09 0a 0b 0c  |  -43
13:52:52.568 | 00 01 02 03 04 05 06 07 08 09 0a 0b 0c  |  -43
13:52:52.783 | 00 01 02 03 04 05 06 07 08 09 0a 0b 0c  |  -42
13:52:53.019 | 00 01 02 03 04 05 06 07 08 09 0a 0b 0c  |  -44
13:52:53.239 | 00 01 02 03 04 05 06 07 08 09 0a 0b 0c  |  -44
13:52:53.486 | 00 01 02 03 04 05 06 07 08 09 0a 0b 0c  |  -43
13:52:53.710 | 00 01 02 03 04 05 06 07 08 09 0a 0b 0c  |  -43
13:52:53.931 | 00 01 02 03 04 05 06 07 08 09 0a 0b 0c  |  -45
13:52:54.182 | 00 01 02 03 04 05 06 07 08 09 0a 0b 0c  |  -45
13:52:54.426 | 00 01 02 03 04 05 06 07 08 09 0a 0b 0c  |  -44
13:52:54.639 | 00 01 02 03 04 05 06 07 08 09 0a 0b 0c  |  -45
13:52:54.874 | 00 01 02 03 04 05 06 07 08 09 0a 0b 0c  |  -43
13:52:55.110 | 00 01 02 03 04 05 06 07 08 09 0a 0b 0c  |  -43
13:52:55.330 | 00 01 02 03 04 05 06 07 08 09 0a 0b 0c  |  -44
13:52:55.572 | 00 01 02 03 04 05 06 07 08 09 0a 0b 0c  |  -44
13:52:55.817 | 00 01 02 03 04 05 06 07 08 09 0a 0b 0c  |  -48
13:52:56.045 | 00 01 02 03 04 05 06 07 08 09 0a 0b 0c  |  -45
13:52:56.282 | 00 01 02 03 04 05 06 07 08 09 0a 0b 0c  |  -43
13:52:56.503 | 00 01 02 03 04 05 06 07 08 09 0a 0b 0c  |  -43
13:52:56.740 | 00 01 02 03 04 05 06 07 08 09 0a 0b 0c  |  -42
13:52:56.983 | 00 01 02 03 04 05 06 07 08 09 0a 0b 0c  |  -43
13:52:57.232 | 00 01 02 03 04 05 06 07 08 09 0a 0b 0c  |  -44
13:52:57.464 | 00 01 02 03 04 05 06 07 08 09 0a 0b 0c  |  -44
13:52:57.684 | 00 01 02 03 04 05 06 07 08 09 0a 0b 0c  |  -45
13:52:57.914 | 00 01 02 03 04 05 06 07 08 09 0a 0b 0c  |  -48
13:52:58.154 | 00 01 02 03 04 05 06 07 08 09 0a 0b 0c  |  -47
13:52:58.390 | 00 01 02 03 04 05 06 07 08 09 0a 0b 0c  |  -45
13:52:58.623 | 00 01 02 03 04 05 06 07 08 09 0a 0b 0c  |  -44
13:52:58.859 | 00 01 02 03 04 05 06 07 08 09 0a 0b 0c  |  -44
13:52:59.110 | 00 01 02 03 04 05 06 07 08 09 0a 0b 0c  |  -45
13:52:59.345 | 00 01 02 03 04 05 06 07 08 09 0a 0b 0c  |  -44
13:52:59.580 | 00 01 02 03 04 05 06 07 08 09 0a 0b 0c  |  -43
13:52:59.811 | 00 01 02 03 04 05 06 07 08 09 0a 0b 0c  |  -44
13:53:00.068 | 00 01 02 03 04 05 06 07 08 09 0a 0b 0c  |  -44
13:53:00.303 | 00 01 02 03 04 05 06 07 08 09 0a 0b 0c  |  -45
13:53:00.524 | 00 01 02 03 04 05 06 07 08 09 0a 0b 0c  |  -45
13:53:00.760 | 00 01 02 03 04 05 06 07 08 09 0a 0b 0c  |  -45
13:53:00.988 | 00 01 02 03 04 05 06 07 08 09 0a 0b 0c  |  -45
13:53:01.217 | 00 01 02 03 04 05 06 07 08 09 0a 0b 0c  |  -48
13:53:01.440 | 00 01 02 03 04 05 06 07 08 09 0a 0b 0c  |  -48
13:53:01.674 | 00 01 02 03 04 05 06 07 08 09 0a 0b 0c  |  -48
13:53:01.894 | 00 01 02 03 04 05 06 07 08 09 0a 0b 0c  |  -48
13:53:02.191 | 00 01 02 03 04 05 06 07 08 09 0a 0b 0c  |  -47
13:53:02.364 | 00 01 02 03 04 05 06 07 08 09 0a 0b 0c  |  -46
13:53:02.599 | 00 01 02 03 04 05 06 07 08 09 0a 0b 0c  |  -45
13:53:02.851 | 00 01 02 03 04 05 06 07 08 09 0a 0b 0c  |  -46
13:53:03.087 | 00 01 02 03 04 05 06 07 08 09 0a 0b 0c  |  -47
13:53:03.322 | 00 01 02 03 04 05 06 07 08 09 0a 0b 0c  |  -44
13:53:03.553 | 00 01 02 03 04 05 06 07 08 09 0a 0b 0c  |  -48
13:53:03.778 | 00 01 02 03 04 05 06 07 08 09 0a 0b 0c  |  -48
13:53:04.044 | 00 01 02 03 04 05 06 07 08 09 0a 0b 0c  |  -47
13:53:04.266 | 00 01 02 03 04 05 06 07 08 09 0a 0b 0c  |  -47
13:53:04.486 | 00 01 02 03 04 05 06 07 08 09 0a 0b 0c  |  -46
13:53:04.723 | 00 01 02 03 04 05 06 07 08 09 0a 0b 0c  |  -46
13:53:04.959 | 00 01 02 03 04 05 06 07 08 09 0a 0b 0c  |  -48
13:53:05.194 | 00 01 02 03 04 05 06 07 08 09 0a 0b 0c  |  -48
13:53:05.415 | 00 01 02 03 04 05 06 07 08 09 0a 0b 0c  |  -48
13:53:05.647 | 00 01 02 03 04 05 06 07 08 09 0a 0b 0c  |  -48
13:53:05.887 | 00 01 02 03 04 05 06 07 08 09 0a 0b 0c  |  -48
13:53:06.123 | 00 01 02 03 04 05 06 07 08 09 0a 0b 0c  |  -48
13:53:06.377 | 00 01 02 03 04 05 06 07 08 09 0a 0b 0c  |  -48
13:53:06.628 | 00 01 02 03 04 05 06 07 08 09 0a 0b 0c  |  -47
13:53:06.864 | 00 01 02 03 04 05 06 07 08 09 0a 0b 0c  |  -47
13:53:07.084 | 00 01 02 03 04 05 06 07 08 09 0a 0b 0c  |  -46
13:53:07.322 | 00 01 02 03 04 05 06 07 08 09 0a 0b 0c  |  -46
13:53:07.572 | 00 01 02 03 04 05 06 07 08 09 0a 0b 0c  |  -46
13:53:07.807 | 00 01 02 03 04 05 06 07 08 09 0a 0b 0c  |  -46
13:53:08.027 | 00 01 02 03 04 05 06 07 08 09 0a 0b 0c  |  -46
13:53:08.274 | 00 01 02 03 04 05 06 07 08 09 0a 0b 0c  |  -47
13:53:08.486 | 00 01 02 03 04 05 06 07 08 09 0a 0b 0c  |  -46
13:53:08.705 | 00 01 02 03 04 05 06 07 08 09 0a 0b 0c  |  -45
13:53:08.941 | 00 01 02 03 04 05 06 07 08 09 0a 0b 0c  |  -45
13:53:09.178 | 00 01 02 03 04 05 06 07 08 09 0a 0b 0c  |  -44
13:53:09.431 | 00 01 02 03 04 05 06 07 08 09 0a 0b 0c  |  -46
13:53:09.670 | 00 01 02 03 04 05 06 07 08 09 0a 0b 0c  |  -46
13:53:09.917 | 00 01 02 03 04 05 06 07 08 09 0a 0b 0c  |  -47
13:53:10.155 | 00 01 02 03 04 05 06 07 08 09 0a 0b 0c  |  -48
13:53:10.407 | 00 01 02 03 04 05 06 07 08 09 0a 0b 0c  |  -47
13:53:10.651 | 00 01 02 03 04 05 06 07 08 09 0a 0b 0c  |  -46
13:53:10.887 | 00 01 02 03 04 05 06 07 08 09 0a 0b 0c  |  -46
13:53:11.107 | 00 01 02 03 04 05 06 07 08 09 0a 0b 0c  |  -45
13:53:11.358 | 00 01 02 03 04 05 06 07 08 09 0a 0b 0c  |  -46
13:53:11.579 | 00 01 02 03 04 05 06 07 08 09 0a 0b 0c  |  -46
13:53:11.822 | 00 01 02 03 04 05 06 07 08 09 0a 0b 0c  |  -48
13:53:12.052 | 00 01 02 03 04 05 06 07 08 09 0a 0b 0c  |  -48
13:53:12.273 | 00 01 02 03 04 05 06 07 08 09 0a 0b 0c  |  -48
13:53:12.525 | 00 01 02 03 04 05 06 07 08 09 0a 0b 0c  |  -47
13:53:12.761 | 00 01 02 03 04 05 06 07 08 09 0a 0b 0c  |  -47
13:53:12.992 | 00 01 02 03 04 05 06 07 08 09 0a 0b 0c  |  -48
13:53:13.228 | 00 01 02 03 04 05 06 07 08 09 0a 0b 0c  |  -47
13:53:13.468 | 00 01 02 03 04 05 06 07 08 09 0a 0b 0c  |  -48
13:53:13.701 | 00 01 02 03 04 05 06 07 08 09 0a 0b 0c  |  -47
13:53:13.920 | 00 01 02 03 04 05 06 07 08 09 0a 0b 0c  |  -48
13:53:14.156 | 00 01 02 03 04 05 06 07 08 09 0a 0b 0c  |  -47
13:53:14.394 | 00 01 02 03 04 05 06 07 08 09 0a 0b 0c  |  -47
13:53:14.645 | 00 01 02 03 04 05 06 07 08 09 0a 0b 0c  |  -48
13:53:14.866 | 00 01 02 03 04 05 06 07 08 09 0a 0b 0c  |  -46
13:53:15.105 | 00 01 02 03 04 05 06 07 08 09 0a 0b 0c  |  -46
13:53:15.339 | 00 01 02 03 04 05 06 07 08 09 0a 0b 0c  |  -46
13:53:15.561 | 00 01 02 03 04 05 06 07 08 09 0a 0b 0c  |  -47
13:53:15.812 | 00 01 02 03 04 05 06 07 08 09 0a 0b 0c  |  -47
13:53:16.032 | 00 01 02 03 04 05 06 07 08 09 0a 0b 0c  |  -47
13:53:16.284 | 00 01 02 03 04 05 06 07 08 09 0a 0b 0c  |  -48
13:53:16.519 | 00 01 02 03 04 05 06 07 08 09 0a 0b 0c  |  -47
13:53:16.755 | 00 01 02 03 04 05 06 07 08 09 0a 0b 0c  |  -48
13:53:16.997 | 00 01 02 03 04 05 06 07 08 09 0a 0b 0c  |  -48
13:53:17.232 | 00 01 02 03 04 05 06 07 08 09 0a 0b 0c  |  -46
13:53:17.464 | 00 01 02 03 04 05 06 07 08 09 0a 0b 0c  |  -45
13:53:17.685 | 00 01 02 03 04 05 06 07 08 09 0a 0b 0c  |  -46
13:53:17.921 | 00 01 02 03 04 05 06 07 08 09 0a 0b 0c  |  -46
13:53:18.174 | 00 01 02 03 04 05 06 07 08 09 0a 0b 0c  |  -48
13:53:18.412 | 00 01 02 03 04 05 06 07 08 09 0a 0b 0c  |  -47
13:53:18.664 | 00 01 02 03 04 05 06 07 08 09 0a 0b 0c  |  -47
13:53:18.887 | 00 01 02 03 04 05 06 07 08 09 0a 0b 0c  |  -48
13:53:19.122 | 00 01 02 03 04 05 06 07 08 09 0a 0b 0c  |  -47
13:53:19.360 | 00 01 02 03 04 05 06 07 08 09 0a 0b 0c  |  -47
13:53:19.595 | 00 01 02 03 04 05 06 07 08 09 0a 0b 0c  |  -46
13:53:19.817 | 00 01 02 03 04 05 06 07 08 09 0a 0b 0c  |  -47
13:53:20.053 | 00 01 02 03 04 05 06 07 08 09 0a 0b 0c  |  -46
13:53:20.289 | 00 01 02 03 04 05 06 07 08 09 0a 0b 0c  |  -48
13:53:20.526 | 00 01 02 03 04 05 06 07 08 09 0a 0b 0c  |  -48
13:53:20.762 | 00 01 02 03 04 05 06 07 08 09 0a 0b 0c  |  -48
13:53:20.999 | 00 01 02 03 04 05 06 07 08 09 0a 0b 0c  |  -48
13:53:21.235 | 00 01 02 03 04 05 06 07 08 09 0a 0b 0c  |  -47
13:53:21.471 | 00 01 02 03 04 05 06 07 08 09 0a 0b 0c  |  -47
13:53:21.707 | 00 01 02 03 04 05 06 07 08 09 0a 0b 0c  |  -46
13:53:21.950 | 00 01 02 03 04 05 06 07 08 09 0a 0b 0c  |  -48
13:53:22.166 | 00 01 02 03 04 05 06 07 08 09 0a 0b 0c  |  -49
13:53:22.404 | 00 01 02 03 04 05 06 07 08 09 0a 0b 0c  |  -46
13:53:22.640 | 00 01 02 03 04 05 06 07 08 09 0a 0b 0c  |  -45
13:53:22.875 | 00 01 02 03 04 05 06 07 08 09 0a 0b 0c  |  -47
13:53:23.095 | 00 01 02 03 04 05 06 07 08 09 0a 0b 0c  |  -50
13:53:23.328 | 00 01 02 03 04 05 06 07 08 09 0a 0b 0c  |  -48
13:53:23.570 | 00 01 02 03 04 05 06 07 08 09 0a 0b 0c  |  -49
13:53:23.791 | 00 01 02 03 04 05 06 07 08 09 0a 0b 0c  |  -48
13:53:24.033 | 00 01 02 03 04 05 06 07 08 09 0a 0b 0c  |  -47
13:53:24.267 | 00 01 02 03 04 05 06 07 08 09 0a 0b 0c  |  -46
13:53:24.519 | 00 01 02 03 04 05 06 07 08 09 0a 0b 0c  |  -47
13:53:24.757 | 00 01 02 03 04 05 06 07 08 09 0a 0b 0c  |  -45
13:53:24.988 | 00 01 02 03 04 05 06 07 08 09 0a 0b 0c  |  -45
13:53:25.224 | 00 01 02 03 04 05 06 07 08 09 0a 0b 0c  |  -46
13:53:25.466 | 00 01 02 03 04 05 06 07 08 09 0a 0b 0c  |  -48
13:53:25.699 | 00 01 02 03 04 05 06 07 08 09 0a 0b 0c  |  -50
13:53:25.933 | 00 01 02 03 04 05 06 07 08 09 0a 0b 0c  |  -50
13:53:26.154 | 00 01 02 03 04 05 06 07 08 09 0a 0b 0c  |  -53
13:53:26.408 | 00 01 02 03 04 05 06 07 08 09 0a 0b 0c  |  -48
13:53:26.637 | 00 01 02 03 04 05 06 07 08 09 0a 0b 0c  |  -48
13:53:26.889 | 00 01 02 03 04 05 06 07 08 09 0a 0b 0c  |  -48
13:53:27.121 | 00 01 02 03 04 05 06 07 08 09 0a 0b 0c  |  -48
13:53:27.344 | 00 01 02 03 04 05 06 07 08 09 0a 0b 0c  |  -47
13:53:27.580 | 00 01 02 03 04 05 06 07 08 09 0a 0b 0c  |  -47
13:53:27.816 | 00 01 02 03 04 05 06 07 08 09 0a 0b 0c  |  -47
13:53:28.037 | 00 01 02 03 04 05 06 07 08 09 0a 0b 0c  |  -48
13:53:28.272 | 00 01 02 03 04 05 06 07 08 09 0a 0b 0c  |  -48
13:53:28.508 | 00 01 02 03 04 05 06 07 08 09 0a 0b 0c  |  -49
13:53:28.745 | 00 01 02 03 04 05 06 07 08 09 0a 0b 0c  |  -46
13:53:29.000 | 00 01 02 03 04 05 06 07 08 09 0a 0b 0c  |  -50
13:53:29.239 | 00 01 02 03 04 05 06 07 08 09 0a 0b 0c  |  -48
13:53:29.501 | 00 01 02 03 04 05 06 07 08 09 0a 0b 0c  |  -48
13:53:29.737 | 00 01 02 03 04 05 06 07 08 09 0a 0b 0c  |  -48
13:53:29.981 | 00 01 02 03 04 05 06 07 08 09 0a 0b 0c  |  -47
13:53:30.224 | 00 01 02 03 04 05 06 07 08 09 0a 0b 0c  |  -47
13:53:30.529 | 00 01 02 03 04 05 06 07 08 09 0a 0b 0c  |  -49
13:53:30.707 | 00 01 02 03 04 05 06 07 08 09 0a 0b 0c  |  -48
13:53:30.956 | 00 01 02 03 04 05 06 07 08 09 0a 0b 0c  |  -51
13:53:31.195 | 00 01 02 03 04 05 06 07 08 09 0a 0b 0c  |  -48
13:53:31.430 | 00 01 02 03 04 05 06 07 08 09 0a 0b 0c  |  -48
13:53:31.661 | 00 01 02 03 04 05 06 07 08 09 0a 0b 0c  |  -49
13:53:31.911 | 00 01 02 03 04 05 06 07 08 09 0a 0b 0c  |  -48
13:53:32.145 | 00 01 02 03 04 05 06 07 08 09 0a 0b 0c  |  -52
13:53:32.379 | 00 01 02 03 04 05 06 07 08 09 0a 0b 0c  |  -53
13:53:32.620 | 00 01 02 03 04 05 06 07 08 09 0a 0b 0c  |  -51
13:53:32.850 | 00 01 02 03 04 05 06 07 08 09 0a 0b 0c  |  -51
13:53:33.084 | 00 01 02 03 04 05 06 07 08 09 0a 0b 0c  |  -51
13:53:33.334 | 00 01 02 03 04 05 06 07 08 09 0a 0b 0c  |  -50
13:53:33.567 | 00 01 02 03 04 05 06 07 08 09 0a 0b 0c  |  -52
13:53:33.800 | 00 01 02 03 04 05 06 07 08 09 0a 0b 0c  |  -50
13:53:34.041 | 00 01 02 03 04 05 06 07 08 09 0a 0b 0c  |  -53
13:53:34.281 | 00 01 02 03 04 05 06 07 08 09 0a 0b 0c  |  -49
13:53:34.507 | 00 01 02 03 04 05 06 07 08 09 0a 0b 0c  |  -49
13:53:34.740 | 00 01 02 03 04 05 06 07 08 09 0a 0b 0c  |  -48
13:53:34.977 | 00 01 02 03 04 05 06 07 08 09 0a 0b 0c  |  -48
13:53:35.206 | 00 01 02 03 04 05 06 07 08 09 0a 0b 0c  |  -51
13:53:35.431 | 00 01 02 03 04 05 06 07 08 09 0a 0b 0c  |  -51
13:53:35.662 | 00 01 02 03 04 05 06 07 08 09 0a 0b 0c  |  -48
13:53:35.916 | 00 01 02 03 04 05 06 07 08 09 0a 0b 0c  |  -50
13:53:36.149 | 00 01 02 03 04 05 06 07 08 09 0a 0b 0c  |  -50
13:53:36.379 | 00 01 02 03 04 05 06 07 08 09 0a 0b 0c  |  -52
13:53:36.616 | 00 01 02 03 04 05 06 07 08 09 0a 0b 0c  |  -53
13:53:36.836 | 00 01 02 03 04 05 06 07 08 09 0a 0b 0c  |  -52
13:53:37.057 | 00 01 02 03 04 05 06 07 08 09 0a 0b 0c  |  -53
13:53:37.294 | 00 01 02 03 04 05 06 07 08 09 0a 0b 0c  |  -52
13:53:37.520 | 00 01 02 03 04 05 06 07 08 09 0a 0b 0c  |  -52
13:53:37.767 | 00 01 02 03 04 05 06 07 08 09 0a 0b 0c  |  -54
13:53:38.008 | 00 01 02 03 04 05 06 07 08 09 0a 0b 0c  |  -52
13:53:38.228 | 00 01 02 03 04 05 06 07 08 09 0a 0b 0c  |  -50
13:53:38.464 | 00 01 02 03 04 05 06 07 08 09 0a 0b 0c  |  -53
13:53:38.716 | 00 01 02 03 04 05 06 07 08 09 0a 0b 0c  |  -49
13:53:38.951 | 00 01 02 03 04 05 06 07 08 09 0a 0b 0c  |  -52
13:53:39.174 | 00 01 02 03 04 05 06 07 08 09 0a 0b 0c  |  -49
13:53:39.410 | 00 01 02 03 04 05 06 07 08 09 0a 0b 0c  |  -50
13:53:39.657 | 00 01 02 03 04 05 06 07 08 09 0a 0b 0c  |  -49
13:53:39.894 | 00 01 02 03 04 05 06 07 08 09 0a 0b 0c  |  -49
13:53:40.114 | 00 01 02 03 04 05 06 07 08 09 0a 0b 0c  |  -52
13:53:40.350 | 00 01 02 03 04 05 06 07 08 09 0a 0b 0c  |  -48
13:53:40.587 | 00 01 02 03 04 05 06 07 08 09 0a 0b 0c  |  -51
13:53:40.821 | 00 01 02 03 04 05 06 07 08 09 0a 0b 0c  |  -48
13:53:41.067 | 00 01 02 03 04 05 06 07 08 09 0a 0b 0c  |  -46
13:53:41.287 | 00 01 02 03 04 05 06 07 08 09 0a 0b 0c  |  -47
13:53:41.523 | 00 01 02 03 04 05 06 07 08 09 0a 0b 0c  |  -63
13:53:41.743 | 00 01 02 03 04 05 06 07 08 09 0a 0b 0c  |  -57
13:53:41.979 | 00 01 02 03 04 05 06 07 08 09 0a 0b 0c  |  -52
13:53:42.230 | 00 01 02 03 04 05 06 07 08 09 0a 0b 0c  |  -59
13:53:42.453 | 00 01 02 03 04 05 06 07 08 09 0a 0b 0c  |  -54
13:53:42.692 | 00 01 02 03 04 05 06 07 08 09 0a 0b 0c  |  -62
13:53:42.943 | 00 01 02 03 04 05 06 07 08 09 0a 0b 0c  |  -54
13:53:43.179 | 00 01 02 03 04 05 06 07 08 09 0a 0b 0c  |  -48
13:53:43.430 | 00 01 02 03 04 05 06 07 08 09 0a 0b 0c  |  -44
13:53:43.653 | 00 01 02 03 04 05 06 07 08 09 0a 0b 0c  |  -44
13:53:43.871 | 00 01 02 03 04 05 06 07 08 09 0a 0b 0c  |  -44
13:53:44.114 | 00 01 02 03 04 05 06 07 08 09 0a 0b 0c  |  -48
13:53:44.364 | 00 01 02 03 04 05 06 07 08 09 0a 0b 0c  |  -52
13:53:44.600 | 00 01 02 03 04 05 06 07 08 09 0a 0b 0c  |  -48
13:53:44.835 | 00 01 02 03 04 05 06 07 08 09 0a 0b 0c  |  -44
13:53:45.070 | 00 01 02 03 04 05 06 07 08 09 0a 0b 0c  |  -44
13:53:45.307 | 00 01 02 03 04 05 06 07 08 09 0a 0b 0c  |  -45
13:53:45.516 | 00 01 02 03 04 05 06 07 08 09 0a 0b 0c  |  -46
13:53:45.763 | 00 01 02 03 04 05 06 07 08 09 0a 0b 0c  |  -44
13:53:45.998 | 00 01 02 03 04 05 06 07 08 09 0a 0b 0c  |  -45
13:53:46.219 | 00 01 02 03 04 05 06 07 08 09 0a 0b 0c  |  -45
13:53:46.455 | 00 01 02 03 04 05 06 07 08 09 0a 0b 0c  |  -48
13:53:46.685 | 00 01 02 03 04 05 06 07 08 09 0a 0b 0c  |  -49
13:53:46.952 | 00 01 02 03 04 05 06 07 08 09 0a 0b 0c  |  -47
13:53:47.187 | 00 01 02 03 04 05 06 07 08 09 0a 0b 0c  |  -48
13:53:47.423 | 00 01 02 03 04 05 06 07 08 09 0a 0b 0c  |  -46
13:53:47.676 | 00 01 02 03 04 05 06 07 08 09 0a 0b 0c  |  -46
13:53:47.903 | 00 01 02 03 04 05 06 07 08 09 0a 0b 0c  |  -47
13:53:48.134 | 00 01 02 03 04 05 06 07 08 09 0a 0b 0c  |  -48
13:53:48.356 | 00 01 02 03 04 05 06 07 08 09 0a 0b 0c  |  -49
13:53:48.593 | 00 01 02 03 04 05 06 07 08 09 0a 0b 0c  |  -50
13:53:48.815 | 00 01 02 03 04 05 06 07 08 09 0a 0b 0c  |  -51
13:53:49.065 | 00 01 02 03 04 05 06 07 08 09 0a 0b 0c  |  -48
13:53:49.285 | 00 01 02 03 04 05 06 07 08 09 0a 0b 0c  |  -49
13:53:49.520 | 00 01 02 03 04 05 06 07 08 09 0a 0b 0c  |  -48
13:53:49.742 | 00 01 02 03 04 05 06 07 08 09 0a 0b 0c  |  -48
13:53:49.946 | 00 01 02 03 04 05 06 07 08 09 0a 0b 0c  |  -48
13:53:50.199 | 00 01 02 03 04 05 06 07 08 09 0a 0b 0c  |  -48
13:53:50.437 | 00 01 02 03 04 05 06 07 08 09 0a 0b 0c  |  -48
13:53:50.700 | 00 01 02 03 04 05 06 07 08 09 0a 0b 0c  |  -48
13:53:50.938 | 00 01 02 03 04 05 06 07 08 09 0a 0b 0c  |  -48
13:53:51.174 | 00 01 02 03 04 05 06 07 08 09 0a 0b 0c  |  -48
13:53:51.409 | 00 01 02 03 04 05 06 07 08 09 0a 0b 0c  |  -48
13:53:51.646 | 00 01 02 03 04 05 06 07 08 09 0a 0b 0c  |  -48
13:53:51.882 | 00 01 02 03 04 05 06 07 08 09 0a 0b 0c  |  -48
13:53:52.119 | 00 01 02 03 04 05 06 07 08 09 0a 0b 0c  |  -49
13:53:52.354 | 00 01 02 03 04 05 06 07 08 09 0a 0b 0c  |  -50
13:53:52.591 | 00 01 02 03 04 05 06 07 08 09 0a 0b 0c  |  -48
13:53:52.846 | 00 01 02 03 04 05 06 07 08 09 0a 0b 0c  |  -48
13:53:53.079 | 00 01 02 03 04 05 06 07 08 09 0a 0b 0c  |  -48
13:53:53.306 | 00 01 02 03 04 05 06 07 08 09 0a 0b 0c  |  -51
13:53:53.565 | 00 01 02 03 04 05 06 07 08 09 0a 0b 0c  |  -48
13:53:53.797 | 00 01 02 03 04 05 06 07 08 09 0a 0b 0c  |  -48
13:53:54.043 | 00 01 02 03 04 05 06 07 08 09 0a 0b 0c  |  -49
13:53:54.263 | 00 01 02 03 04 05 06 07 08 09 0a 0b 0c  |  -48
13:53:54.499 | 00 01 02 03 04 05 06 07 08 09 0a 0b 0c  |  -50
13:53:54.736 | 00 01 02 03 04 05 06 07 08 09 0a 0b 0c  |  -50
13:53:54.972 | 00 01 02 03 04 05 06 07 08 09 0a 0b 0c  |  -50
13:53:55.193 | 00 01 02 03 04 05 06 07 08 09 0a 0b 0c  |  -50
13:53:55.396 | 00 01 02 03 04 05 06 07 08 09 0a 0b 0c  |  -51
13:53:55.633 | 00 01 02 03 04 05 06 07 08 09 0a 0b 0c  |  -50
13:53:55.852 | 00 01 02 03 04 05 06 07 08 09 0a 0b 0c  |  -49
13:53:56.103 | 00 01 02 03 04 05 06 07 08 09 0a 0b 0c  |  -49
13:53:56.348 | 00 01 02 03 04 05 06 07 08 09 0a 0b 0c  |  -49
13:53:56.591 | 00 01 02 03 04 05 06 07 08 09 0a 0b 0c  |  -49
13:53:56.849 | 00 01 02 03 04 05 06 07 08 09 0a 0b 0c  |  -49
13:53:57.078 | 00 01 02 03 04 05 06 07 08 09 0a 0b 0c  |  -49
13:53:57.312 | 00 01 02 03 04 05 06 07 08 09 0a 0b 0c  |  -49
13:53:57.551 | 00 01 02 03 04 05 06 07 08 09 0a 0b 0c  |  -49
13:53:57.785 | 00 01 02 03 04 05 06 07 08 09 0a 0b 0c  |  -49
13:53:57.992 | 00 01 02 03 04 05 06 07 08 09 0a 0b 0c  |  -49
13:53:58.185 | 00 01 02 03 04 05 06 07 08 09 0a 0b 0c  |  -49
13:53:58.405 | 00 01 02 03 04 05 06 07 08 09 0a 0b 0c  |  -49
13:53:58.673 | 00 01 02 03 04 05 06 07 08 09 0a 0b 0c  |  -49
13:53:58.846 | 00 01 02 03 04 05 06 07 08 09 0a 0b 0c  |  -49
13:53:59.066 | 00 01 02 03 04 05 06 07 08 09 0a 0b 0c  |  -49
13:53:59.302 | 00 01 02 03 04 05 06 07 08 09 0a 0b 0c  |  -49
13:53:59.538 | 00 01 02 03 04 05 06 07 08 09 0a 0b 0c  |  -50
13:53:59.774 | 00 01 02 03 04 05 06 07 08 09 0a 0b 0c  |  -50
13:54:00.023 | 00 01 02 03 04 05 06 07 08 09 0a 0b 0c  |  -50
13:54:00.259 | 00 01 02 03 04 05 06 07 08 09 0a 0b 0c  |  -50
13:54:00.494 | 00 01 02 03 04 05 06 07 08 09 0a 0b 0c  |  -50
13:54:00.713 | 00 01 02 03 04 05 06 07 08 09 0a 0b 0c  |  -50
13:54:00.957 | 00 01 02 03 04 05 06 07 08 09 0a 0b 0c  |  -49
13:54:01.186 | 00 01 02 03 04 05 06 07 08 09 0a 0b 0c  |  -50
13:54:01.422 | 00 01 02 03 04 05 06 07 08 09 0a 0b 0c  |  -50
13:54:01.660 | 00 01 02 03 04 05 06 07 08 09 0a 0b 0c  |  -49
13:54:01.878 | 00 01 02 03 04 05 06 07 08 09 0a 0b 0c  |  -50
13:54:02.099 | 00 01 02 03 04 05 06 07 08 09 0a 0b 0c  |  -49
13:54:02.335 | 00 01 02 03 04 05 06 07 08 09 0a 0b 0c  |  -49
13:54:02.572 | 00 01 02 03 04 05 06 07 08 09 0a 0b 0c  |  -50
13:54:02.824 | 00 01 02 03 04 05 06 07 08 09 0a 0b 0c  |  -50
13:54:03.045 | 00 01 02 03 04 05 06 07 08 09 0a 0b 0c  |  -50
13:54:03.281 | 00 01 02 03 04 05 06 07 08 09 0a 0b 0c  |  -49
13:54:03.501 | 00 01 02 03 04 05 06 07 08 09 0a 0b 0c  |  -49
13:54:03.739 | 00 01 02 03 04 05 06 07 08 09 0a 0b 0c  |  -50
13:54:03.983 | 00 01 02 03 04 05 06 07 08 09 0a 0b 0c  |  -48
13:54:04.219 | 00 01 02 03 04 05 06 07 08 09 0a 0b 0c  |  -48
13:54:04.439 | 00 01 02 03 04 05 06 07 08 09 0a 0b 0c  |  -50
13:54:04.691 | 00 01 02 03 04 05 06 07 08 09 0a 0b 0c  |  -52
13:54:04.947 | 00 01 02 03 04 05 06 07 08 09 0a 0b 0c  |  -50
13:54:05.181 | 00 01 02 03 04 05 06 07 08 09 0a 0b 0c  |  -50
13:54:05.417 | 00 01 02 03 04 05 06 07 08 09 0a 0b 0c  |  -53
13:54:05.665 | 00 01 02 03 04 05 06 07 08 09 0a 0b 0c  |  -51
13:54:05.885 | 00 01 02 03 04 05 06 07 08 09 0a 0b 0c  |  -52
13:54:06.133 | 00 01 02 03 04 05 06 07 08 09 0a 0b 0c  |  -51
13:54:06.356 | 00 01 02 03 04 05 06 07 08 09 0a 0b 0c  |  -51
13:54:06.593 | 00 01 02 03 04 05 06 07 08 09 0a 0b 0c  |  -50
13:54:06.852 | 00 01 02 03 04 05 06 07 08 09 0a 0b 0c  |  -51
13:54:07.099 | 00 01 02 03 04 05 06 07 08 09 0a 0b 0c  |  -50
13:54:07.322 | 00 01 02 03 04 05 06 07 08 09 0a 0b 0c  |  -51
13:54:07.561 | 00 01 02 03 04 05 06 07 08 09 0a 0b 0c  |  -52
13:54:07.792 | 00 01 02 03 04 05 06 07 08 09 0a 0b 0c  |  -51
13:54:08.043 | 00 01 02 03 04 05 06 07 08 09 0a 0b 0c  |  -49
13:54:08.275 | 00 01 02 03 04 05 06 07 08 09 0a 0b 0c  |  -52
13:54:08.509 | 00 01 02 03 04 05 06 07 08 09 0a 0b 0c  |  -48
13:54:08.738 | 00 01 02 03 04 05 06 07 08 09 0a 0b 0c  |  -50
13:54:08.977 | 00 01 02 03 04 05 06 07 08 09 0a 0b 0c  |  -52
13:54:09.210 | 00 01 02 03 04 05 06 07 08 09 0a 0b 0c  |  -50
13:54:09.430 | 00 01 02 03 04 05 06 07 08 09 0a 0b 0c  |  -53
13:54:09.666 | 00 01 02 03 04 05 06 07 08 09 0a 0b 0c  |  -49
13:54:09.896 | 00 01 02 03 04 05 06 07 08 09 0a 0b 0c  |  -50
13:54:10.121 | 00 01 02 03 04 05 06 07 08 09 0a 0b 0c  |  -50
13:54:10.360 | 00 01 02 03 04 05 06 07 08 09 0a 0b 0c  |  -48
13:54:10.612 | 00 01 02 03 04 05 06 07 08 09 0a 0b 0c  |  -52
13:54:10.832 | 00 01 02 03 04 05 06 07 08 09 0a 0b 0c  |  -52
13:54:11.083 | 00 01 02 03 04 05 06 07 08 09 0a 0b 0c  |  -51
13:54:11.336 | 00 01 02 03 04 05 06 07 08 09 0a 0b 0c  |  -49
13:54:11.570 | 00 01 02 03 04 05 06 07 08 09 0a 0b 0c  |  -47
13:54:11.784 | 00 01 02 03 04 05 06 07 08 09 0a 0b 0c  |  -47
13:54:12.020 | 00 01 02 03 04 05 06 07 08 09 0a 0b 0c  |  -47
13:54:12.255 | 00 01 02 03 04 05 06 07 08 09 0a 0b 0c  |  -50
13:54:12.476 | 00 01 02 03 04 05 06 07 08 09 0a 0b 0c  |  -48
13:54:12.727 | 00 01 02 03 04 05 06 07 08 09 0a 0b 0c  |  -47
13:54:12.979 | 00 01 02 03 04 05 06 07 08 09 0a 0b 0c  |  -47
13:54:13.200 | 00 01 02 03 04 05 06 07 08 09 0a 0b 0c  |  -47
13:54:13.426 | 00 01 02 03 04 05 06 07 08 09 0a 0b 0c  |  -50
13:54:13.667 | 00 01 02 03 04 05 06 07 08 09 0a 0b 0c  |  -50
13:54:13.903 | 00 01 02 03 04 05 06 07 08 09 0a 0b 0c  |  -52
13:54:14.124 | 00 01 02 03 04 05 06 07 08 09 0a 0b 0c  |  -52
13:54:14.391 | 00 01 02 03 04 05 06 07 08 09 0a 0b 0c  |  -52
13:54:14.631 | 00 01 02 03 04 05 06 07 08 09 0a 0b 0c  |  -51
13:54:14.881 | 00 01 02 03 04 05 06 07 08 09 0a 0b 0c  |  -50
13:54:15.102 | 00 01 02 03 04 05 06 07 08 09 0a 0b 0c  |  -50
13:54:15.322 | 00 01 02 03 04 05 06 07 08 09 0a 0b 0c  |  -50
13:54:15.558 | 00 01 02 03 04 05 06 07 08 09 0a 0b 0c  |  -50
13:54:15.810 | 00 01 02 03 04 05 06 07 08 09 0a 0b 0c  |  -49
13:54:16.030 | 00 01 02 03 04 05 06 07 08 09 0a 0b 0c  |  -49
13:54:16.279 | 00 01 02 03 04 05 06 07 08 09 0a 0b 0c  |  -49
13:54:16.510 | 00 01 02 03 04 05 06 07 08 09 0a 0b 0c  |  -49
13:54:16.713 | 00 01 02 03 04 05 06 07 08 09 0a 0b 0c  |  -49
13:54:16.948 | 00 01 02 03 04 05 06 07 08 09 0a 0b 0c  |  -50
13:54:17.186 | 00 01 02 03 04 05 06 07 08 09 0a 0b 0c  |  -50
13:54:17.407 | 00 01 02 03 04 05 06 07 08 09 0a 0b 0c  |  -49
13:54:17.621 | 00 01 02 03 04 05 06 07 08 09 0a 0b 0c  |  -49
13:54:17.833 | 00 01 02 03 04 05 06 07 08 09 0a 0b 0c  |  -48
13:54:18.062 | 00 01 02 03 04 05 06 07 08 09 0a 0b 0c  |  -48
13:54:18.294 | 00 01 02 03 04 05 06 07 08 09 0a 0b 0c  |  -48
13:54:18.535 | 00 01 02 03 04 05 06 07 08 09 0a 0b 0c  |  -48
13:54:18.768 | 00 01 02 03 04 05 06 07 08 09 0a 0b 0c  |  -48
13:54:19.005 | 00 01 02 03 04 05 06 07 08 09 0a 0b 0c  |  -48
13:54:19.241 | 00 01 02 03 04 05 06 07 08 09 0a 0b 0c  |  -48
13:54:19.479 | 00 01 02 03 04 05 06 07 08 09 0a 0b 0c  |  -48
13:54:19.723 | 00 01 02 03 04 05 06 07 08 09 0a 0b 0c  |  -49
13:54:19.952 | 00 01 02 03 04 05 06 07 08 09 0a 0b 0c  |  -49
13:54:20.188 | 00 01 02 03 04 05 06 07 08 09 0a 0b 0c  |  -49
13:54:20.420 | 00 01 02 03 04 05 06 07 08 09 0a 0b 0c  |  -48
13:54:20.657 | 00 01 02 03 04 05 06 07 08 09 0a 0b 0c  |  -48
13:54:20.894 | 00 01 02 03 04 05 06 07 08 09 0a 0b 0c  |  -48
13:54:21.162 | 00 01 02 03 04 05 06 07 08 09 0a 0b 0c  |  -48
13:54:21.415 | 00 01 02 03 04 05 06 07 08 09 0a 0b 0c  |  -48
13:54:21.643 | 00 01 02 03 04 05 06 07 08 09 0a 0b 0c  |  -48
13:54:21.882 | 00 01 02 03 04 05 06 07 08 09 0a 0b 0c  |  -48
13:54:22.115 | 00 01 02 03 04 05 06 07 08 09 0a 0b 0c  |  -48
13:54:22.351 | 00 01 02 03 04 05 06 07 08 09 0a 0b 0c  |  -48
13:54:22.609 | 00 01 02 03 04 05 06 07 08 09 0a 0b 0c  |  -48
13:54:22.845 | 00 01 02 03 04 05 06 07 08 09 0a 0b 0c  |  -48
13:54:23.075 | 00 01 02 03 04 05 06 07 08 09 0a 0b 0c  |  -48
13:54:23.327 | 00 01 02 03 04 05 06 07 08 09 0a 0b 0c  |  -48
13:54:23.568 | 00 01 02 03 04 05 06 07 08 09 0a 0b 0c  |  -49
13:54:23.799 | 00 01 02 03 04 05 06 07 08 09 0a 0b 0c  |  -48
13:54:24.035 | 00 01 02 03 04 05 06 07 08 09 0a 0b 0c  |  -48
13:54:24.279 | 00 01 02 03 04 05 06 07 08 09 0a 0b 0c  |  -48
13:54:24.516 | 00 01 02 03 04 05 06 07 08 09 0a 0b 0c  |  -48
13:54:24.735 | 00 01 02 03 04 05 06 07 08 09 0a 0b 0c  |  -48
13:54:24.986 | 00 01 02 03 04 05 06 07 08 09 0a 0b 0c  |  -48
13:54:25.214 | 00 01 02 03 04 05 06 07 08 09 0a 0b 0c  |  -48
13:54:25.442 | 00 01 02 03 04 05 06 07 08 09 0a 0b 0c  |  -47
13:54:25.662 | 00 01 02 03 04 05 06 07 08 09 0a 0b 0c  |  -48
13:54:25.897 | 00 01 02 03 04 05 06 07 08 09 0a 0b 0c  |  -48
13:54:26.134 | 00 01 02 03 04 05 06 07 08 09 0a 0b 0c  |  -49
13:54:26.369 | 00 01 02 03 04 05 06 07 08 09 0a 0b 0c  |  -49
13:54:26.607 | 00 01 02 03 04 05 06 07 08 09 0a 0b 0c  |  -48
13:54:26.891 | 00 01 02 03 04 05 06 07 08 09 0a 0b 0c  |  -48
13:54:27.080 | 00 01 02 03 04 05 06 07 08 09 0a 0b 0c  |  -48
13:54:27.301 | 00 01 02 03 04 05 06 07 08 09 0a 0b 0c  |  -48
13:54:27.539 | 00 01 02 03 04 05 06 07 08 09 0a 0b 0c  |  -48
13:54:27.781 | 00 01 02 03 04 05 06 07 08 09 0a 0b 0c  |  -48
13:54:28.019 | 00 01 02 03 04 05 06 07 08 09 0a 0b 0c  |  -48
13:54:28.254 | 00 01 02 03 04 05 06 07 08 09 0a 0b 0c  |  -48
13:54:28.474 | 00 01 02 03 04 05 06 07 08 09 0a 0b 0c  |  -49
13:54:28.726 | 00 01 02 03 04 05 06 07 08 09 0a 0b 0c  |  -49
13:54:28.962 | 00 01 02 03 04 05 06 07 08 09 0a 0b 0c  |  -49
13:54:29.197 | 00 01 02 03 04 05 06 07 08 09 0a 0b 0c  |  -50
13:54:29.421 | 00 01 02 03 04 05 06 07 08 09 0a 0b 0c  |  -49
13:54:29.653 | 00 01 02 03 04 05 06 07 08 09 0a 0b 0c  |  -49
13:54:29.901 | 00 01 02 03 04 05 06 07 08 09 0a 0b 0c  |  -49
13:54:30.131 | 00 01 02 03 04 05 06 07 08 09 0a 0b 0c  |  -49
13:54:30.368 | 00 01 02 03 04 05 06 07 08 09 0a 0b 0c  |  -49
13:54:30.588 | 00 01 02 03 04 05 06 07 08 09 0a 0b 0c  |  -49
13:54:30.817 | 00 01 02 03 04 05 06 07 08 09 0a 0b 0c  |  -49
13:54:31.028 | 00 01 02 03 04 05 06 07 08 09 0a 0b 0c  |  -50
13:54:31.264 | 00 01 02 03 04 05 06 07 08 09 0a 0b 0c  |  -49
13:54:31.500 | 00 01 02 03 04 05 06 07 08 09 0a 0b 0c  |  -49
13:54:31.736 | 00 01 02 03 04 05 06 07 08 09 0a 0b 0c  |  -49
13:54:31.991 | 00 01 02 03 04 05 06 07 08 09 0a 0b 0c  |  -49
13:54:32.227 | 00 01 02 03 04 05 06 07 08 09 0a 0b 0c  |  -49
13:54:32.460 | 00 01 02 03 04 05 06 07 08 09 0a 0b 0c  |  -49
13:54:32.699 | 00 01 02 03 04 05 06 07 08 09 0a 0b 0c  |  -49
13:54:32.933 | 00 01 02 03 04 05 06 07 08 09 0a 0b 0c  |  -49
13:54:33.173 | 00 01 02 03 04 05 06 07 08 09 0a 0b 0c  |  -49
13:54:33.418 | 00 01 02 03 04 05 06 07 08 09 0a 0b 0c  |  -49
13:54:33.644 | 00 01 02 03 04 05 06 07 08 09 0a 0b 0c  |  -49
13:54:33.864 | 00 01 02 03 04 05 06 07 08 09 0a 0b 0c  |  -49
13:54:34.112 | 00 01 02 03 04 05 06 07 08 09 0a 0b 0c  |  -49
13:54:34.329 | 00 01 02 03 04 05 06 07 08 09 0a 0b 0c  |  -49
13:54:34.564 | 00 01 02 03 04 05 06 07 08 09 0a 0b 0c  |  -49
13:54:34.785 | 00 01 02 03 04 05 06 07 08 09 0a 0b 0c  |  -49
13:54:35.042 | 00 01 02 03 04 05 06 07 08 09 0a 0b 0c  |  -49
13:54:35.291 | 00 01 02 03 04 05 06 07 08 09 0a 0b 0c  |  -49
13:54:35.543 | 00 01 02 03 04 05 06 07 08 09 0a 0b 0c  |  -49
13:54:35.764 | 00 01 02 03 04 05 06 07 08 09 0a 0b 0c  |  -48
13:54:35.984 | 00 01 02 03 04 05 06 07 08 09 0a 0b 0c  |  -49
13:54:36.204 | 00 01 02 03 04 05 06 07 08 09 0a 0b 0c  |  -49
13:54:36.443 | 00 01 02 03 04 05 06 07 08 09 0a 0b 0c  |  -49
13:54:36.678 | 00 01 02 03 04 05 06 07 08 09 0a 0b 0c  |  -49
13:54:36.915 | 00 01 02 03 04 05 06 07 08 09 0a 0b 0c  |  -49
13:54:37.148 | 00 01 02 03 04 05 06 07 08 09 0a 0b 0c  |  -49
13:54:37.415 | 00 01 02 03 04 05 06 07 08 09 0a 0b 0c  |  -49
13:54:37.651 | 00 01 02 03 04 05 06 07 08 09 0a 0b 0c  |  -49
13:54:37.888 | 00 01 02 03 04 05 06 07 08 09 0a 0b 0c  |  -49
13:54:38.112 | 00 01 02 03 04 05 06 07 08 09 0a 0b 0c  |  -49
13:54:38.337 | 00 01 02 03 04 05 06 07 08 09 0a 0b 0c  |  -50
13:54:38.565 | 00 01 02 03 04 05 06 07 08 09 0a 0b 0c  |  -50
13:54:38.785 | 00 01 02 03 04 05 06 07 08 09 0a 0b 0c  |  -49
13:54:39.038 | 00 01 02 03 04 05 06 07 08 09 0a 0b 0c  |  -49
13:54:39.258 | 00 01 02 03 04 05 06 07 08 09 0a 0b 0c  |  -49
13:54:39.494 | 00 01 02 03 04 05 06 07 08 09 0a 0b 0c  |  -49
13:54:39.739 | 00 01 02 03 04 05 06 07 08 09 0a 0b 0c  |  -50
13:54:39.967 | 00 01 02 03 04 05 06 07 08 09 0a 0b 0c  |  -50
13:54:40.217 | 00 01 02 03 04 05 06 07 08 09 0a 0b 0c  |  -50
13:54:40.468 | 00 01 02 03 04 05 06 07 08 09 0a 0b 0c  |  -49
13:54:40.704 | 00 01 02 03 04 05 06 07 08 09 0a 0b 0c  |  -49
13:54:40.940 | 00 01 02 03 04 05 06 07 08 09 0a 0b 0c  |  -50
13:54:41.175 | 00 01 02 03 04 05 06 07 08 09 0a 0b 0c  |  -50
13:54:41.395 | 00 01 02 03 04 05 06 07 08 09 0a 0b 0c  |  -49
13:54:41.630 | 00 01 02 03 04 05 06 07 08 09 0a 0b 0c  |  -49
13:54:41.860 | 00 01 02 03 04 05 06 07 08 09 0a 0b 0c  |  -49
13:54:42.089 | 00 01 02 03 04 05 06 07 08 09 0a 0b 0c  |  -49
13:54:42.318 | 00 01 02 03 04 05 06 07 08 09 0a 0b 0c  |  -49
13:54:42.538 | 00 01 02 03 04 05 06 07 08 09 0a 0b 0c  |  -50
13:54:42.783 | 00 01 02 03 04 05 06 07 08 09 0a 0b 0c  |  -50
13:54:43.010 | 00 01 02 03 04 05 06 07 08 09 0a 0b 0c  |  -50
13:54:43.255 | 00 01 02 03 04 05 06 07 08 09 0a 0b 0c  |  -50
13:54:43.488 | 00 01 02 03 04 05 06 07 08 09 0a 0b 0c  |  -50
13:54:43.740 | 00 01 02 03 04 05 06 07 08 09 0a 0b 0c  |  -50
13:54:43.976 | 00 01 02 03 04 05 06 07 08 09 0a 0b 0c  |  -50
13:54:44.217 | 00 01 02 03 04 05 06 07 08 09 0a 0b 0c  |  -49
13:54:44.467 | 00 01 02 03 04 05 06 07 08 09 0a 0b 0c  |  -49
13:54:44.690 | 00 01 02 03 04 05 06 07 08 09 0a 0b 0c  |  -50
13:54:44.926 | 00 01 02 03 04 05 06 07 08 09 0a 0b 0c  |  -49
13:54:45.146 | 00 01 02 03 04 05 06 07 08 09 0a 0b 0c  |  -48
13:54:45.366 | 00 01 02 03 04 05 06 07 08 09 0a 0b 0c  |  -48
13:54:45.586 | 00 01 02 03 04 05 06 07 08 09 0a 0b 0c  |  -49
13:54:45.805 | 00 01 02 03 04 05 06 07 08 09 0a 0b 0c  |  -48
13:54:46.026 | 00 01 02 03 04 05 06 07 08 09 0a 0b 0c  |  -49
13:54:46.278 | 00 01 02 03 04 05 06 07 08 09 0a 0b 0c  |  -48
13:54:46.498 | 00 01 02 03 04 05 06 07 08 09 0a 0b 0c  |  -48
13:54:46.735 | 00 01 02 03 04 05 06 07 08 09 0a 0b 0c  |  -49
13:54:46.974 | 00 01 02 03 04 05 06 07 08 09 0a 0b 0c  |  -48
13:54:47.226 | 00 01 02 03 04 05 06 07 08 09 0a 0b 0c  |  -48
13:54:47.462 | 00 01 02 03 04 05 06 07 08 09 0a 0b 0c  |  -48
13:54:47.697 | 00 01 02 03 04 05 06 07 08 09 0a 0b 0c  |  -49
13:54:47.918 | 00 01 02 03 04 05 06 07 08 09 0a 0b 0c  |  -49
13:54:48.166 | 00 01 02 03 04 05 06 07 08 09 0a 0b 0c  |  -49
13:54:48.393 | 00 01 02 03 04 05 06 07 08 09 0a 0b 0c  |  -49
13:54:48.643 | 00 01 02 03 04 05 06 07 08 09 0a 0b 0c  |  -49
13:54:48.880 | 00 01 02 03 04 05 06 07 08 09 0a 0b 0c  |  -49
13:54:49.115 | 00 01 02 03 04 05 06 07 08 09 0a 0b 0c  |  -50
13:54:49.353 | 00 01 02 03 04 05 06 07 08 09 0a 0b 0c  |  -49
13:54:49.588 | 00 01 02 03 04 05 06 07 08 09 0a 0b 0c  |  -50
13:54:49.811 | 00 01 02 03 04 05 06 07 08 09 0a 0b 0c  |  -49
13:54:50.047 | 00 01 02 03 04 05 06 07 08 09 0a 0b 0c  |  -49
13:54:50.314 | 00 01 02 03 04 05 06 07 08 09 0a 0b 0c  |  -50
13:54:50.556 | 00 01 02 03 04 05 06 07 08 09 0a 0b 0c  |  -49
13:54:50.786 | 00 01 02 03 04 05 06 07 08 09 0a 0b 0c  |  -49
13:54:51.007 | 00 01 02 03 04 05 06 07 08 09 0a 0b 0c  |  -49
13:54:51.259 | 00 01 02 03 04 05 06 07 08 09 0a 0b 0c  |  -50
13:54:51.510 | 00 01 02 03 04 05 06 07 08 09 0a 0b 0c  |  -49
13:54:51.758 | 00 01 02 03 04 05 06 07 08 09 0a 0b 0c  |  -50
13:54:51.982 | 00 01 02 03 04 05 06 07 08 09 0a 0b 0c  |  -50
13:54:52.219 | 00 01 02 03 04 05 06 07 08 09 0a 0b 0c  |  -50
13:54:52.439 | 00 01 02 03 04 05 06 07 08 09 0a 0b 0c  |  -49
13:54:52.675 | 00 01 02 03 04 05 06 07 08 09 0a 0b 0c  |  -50
13:54:52.931 | 00 01 02 03 04 05 06 07 08 09 0a 0b 0c  |  -50
13:54:53.161 | 00 01 02 03 04 05 06 07 08 09 0a 0b 0c  |  -50
13:54:53.385 | 00 01 02 03 04 05 06 07 08 09 0a 0b 0c  |  -50
13:54:53.601 | 00 01 02 03 04 05 06 07 08 09 0a 0b 0c  |  -50
13:54:53.821 | 00 01 02 03 04 05 06 07 08 09 0a 0b 0c  |  -50
13:54:54.057 | 00 01 02 03 04 05 06 07 08 09 0a 0b 0c  |  -50
13:54:54.294 | 00 01 02 03 04 05 06 07 08 09 0a 0b 0c  |  -49
13:54:54.515 | 00 01 02 03 04 05 06 07 08 09 0a 0b 0c  |  -50
13:54:54.757 | 00 01 02 03 04 05 06 07 08 09 0a 0b 0c  |  -50
13:54:55.041 | 00 01 02 03 04 05 06 07 08 09 0a 0b 0c  |  -50
13:54:55.229 | 00 01 02 03 04 05 06 07 08 09 0a 0b 0c  |  -50
13:54:55.450 | 00 01 02 03 04 05 06 07 08 09 0a 0b 0c  |  -48
13:54:55.677 | 00 01 02 03 04 05 06 07 08 09 0a 0b 0c  |  -49
13:54:55.909 | 00 01 02 03 04 05 06 07 08 09 0a 0b 0c  |  -49
13:54:56.169 | 00 01 02 03 04 05 06 07 08 09 0a 0b 0c  |  -48
13:54:56.398 | 00 01 02 03 04 05 06 07 08 09 0a 0b 0c  |  -48
13:54:56.619 | 00 01 02 03 04 05 06 07 08 09 0a 0b 0c  |  -48
13:54:56.854 | 00 01 02 03 04 05 06 07 08 09 0a 0b 0c  |  -49
13:54:57.107 | 00 01 02 03 04 05 06 07 08 09 0a 0b 0c  |  -48
13:54:57.344 | 00 01 02 03 04 05 06 07 08 09 0a 0b 0c  |  -48
13:54:57.599 | 00 01 02 03 04 05 06 07 08 09 0a 0b 0c  |  -49
13:54:57.832 | 00 01 02 03 04 05 06 07 08 09 0a 0b 0c  |  -49
13:54:58.083 | 00 01 02 03 04 05 06 07 08 09 0a 0b 0c  |  -49
13:54:58.330 | 00 01 02 03 04 05 06 07 08 09 0a 0b 0c  |  -48
13:54:58.582 | 00 01 02 03 04 05 06 07 08 09 0a 0b 0c  |  -49
13:54:58.820 | 00 01 02 03 04 05 06 07 08 09 0a 0b 0c  |  -49
13:54:59.039 | 00 01 02 03 04 05 06 07 08 09 0a 0b 0c  |  -49
13:54:59.271 | 00 01 02 03 04 05 06 07 08 09 0a 0b 0c  |  -49
13:54:59.497 | 00 01 02 03 04 05 06 07 08 09 0a 0b 0c  |  -49
13:54:59.733 | 00 01 02 03 04 05 06 07 08 09 0a 0b 0c  |  -49
13:54:59.972 | 00 01 02 03 04 05 06 07 08 09 0a 0b 0c  |  -49
13:55:00.207 | 00 01 02 03 04 05 06 07 08 09 0a 0b 0c  |  -49
13:55:00.431 | 00 01 02 03 04 05 06 07 08 09 0a 0b 0c  |  -49
13:55:00.662 | 00 01 02 03 04 05 06 07 08 09 0a 0b 0c  |  -49
13:55:00.898 | 00 01 02 03 04 05 06 07 08 09 0a 0b 0c  |  -49
13:55:01.134 | 00 01 02 03 04 05 06 07 08 09 0a 0b 0c  |  -49
13:55:01.375 | 00 01 02 03 04 05 06 07 08 09 0a 0b 0c  |  -50
13:55:01.607 | 00 01 02 03 04 05 06 07 08 09 0a 0b 0c  |  -49
13:55:01.858 | 00 01 02 03 04 05 06 07 08 09 0a 0b 0c  |  -49
13:55:02.096 | 00 01 02 03 04 05 06 07 08 09 0a 0b 0c  |  -48
13:55:02.316 | 00 01 02 03 04 05 06 07 08 09 0a 0b 0c  |  -48
13:55:02.552 | 00 01 02 03 04 05 06 07 08 09 0a 0b 0c  |  -49
13:55:02.803 | 00 01 02 03 04 05 06 07 08 09 0a 0b 0c  |  -49
13:55:03.054 | 00 01 02 03 04 05 06 07 08 09 0a 0b 0c  |  -49
13:55:03.278 | 00 01 02 03 04 05 06 07 08 09 0a 0b 0c  |  -49
13:55:03.527 | 00 01 02 03 04 05 06 07 08 09 0a 0b 0c  |  -49
13:55:03.765 | 00 01 02 03 04 05 06 07 08 09 0a 0b 0c  |  -49
13:55:03.986 | 00 01 02 03 04 05 06 07 08 09 0a 0b 0c  |  -49
13:55:04.205 | 00 01 02 03 04 05 06 07 08 09 0a 0b 0c  |  -50
13:55:04.441 | 00 01 02 03 04 05 06 07 08 09 0a 0b 0c  |  -50
13:55:04.652 | 00 01 02 03 04 05 06 07 08 09 0a 0b 0c  |  -50
13:55:04.881 | 00 01 02 03 04 05 06 07 08 09 0a 0b 0c  |  -50
13:55:05.122 | 00 01 02 03 04 05 06 07 08 09 0a 0b 0c  |  -49
13:55:05.342 | 00 01 02 03 04 05 06 07 08 09 0a 0b 0c  |  -50
13:55:05.582 | 00 01 02 03 04 05 06 07 08 09 0a 0b 0c  |  -50
13:55:05.814 | 00 01 02 03 04 05 06 07 08 09 0a 0b 0c  |  -50
13:55:06.034 | 00 01 02 03 04 05 06 07 08 09 0a 0b 0c  |  -50
13:55:06.271 | 00 01 02 03 04 05 06 07 08 09 0a 0b 0c  |  -50
13:55:06.507 | 00 01 02 03 04 05 06 07 08 09 0a 0b 0c  |  -50
13:55:06.727 | 00 01 02 03 04 05 06 07 08 09 0a 0b 0c  |  -50
13:55:06.966 | 00 01 02 03 04 05 06 07 08 09 0a 0b 0c  |  -50
13:55:07.201 | 00 01 02 03 04 05 06 07 08 09 0a 0b 0c  |  -49
13:55:07.438 | 00 01 02 03 04 05 06 07 08 09 0a 0b 0c  |  -48
13:55:07.689 | 00 01 02 03 04 05 06 07 08 09 0a 0b 0c  |  -48
13:55:07.909 | 00 01 02 03 04 05 06 07 08 09 0a 0b 0c  |  -48
13:55:08.145 | 00 01 02 03 04 05 06 07 08 09 0a 0b 0c  |  -48
13:55:08.380 | 00 01 02 03 04 05 06 07 08 09 0a 0b 0c  |  -48
13:55:08.600 | 00 01 02 03 04 05 06 07 08 09 0a 0b 0c  |  -48
13:55:08.839 | 00 01 02 03 04 05 06 07 08 09 0a 0b 0c  |  -50
13:55:09.075 | 00 01 02 03 04 05 06 07 08 09 0a 0b 0c  |  -51
13:55:09.321 | 00 01 02 03 04 05 06 07 08 09 0a 0b 0c  |  -52
13:55:09.565 | 00 01 02 03 04 05 06 07 08 09 0a 0b 0c  |  -52
13:55:09.795 | 00 01 02 03 04 05 06 07 08 09 0a 0b 0c  |  -51
13:55:10.038 | 00 01 02 03 04 05 06 07 08 09 0a 0b 0c  |  -51
13:55:10.273 | 00 01 02 03 04 05 06 07 08 09 0a 0b 0c  |  -50
13:55:10.495 | 00 01 02 03 04 05 06 07 08 09 0a 0b 0c  |  -53
13:55:10.761 | 00 01 02 03 04 05 06 07 08 09 0a 0b 0c  |  -52
13:55:11.012 | 00 01 02 03 04 05 06 07 08 09 0a 0b 0c  |  -52
13:55:11.232 | 00 01 02 03 04 05 06 07 08 09 0a 0b 0c  |  -52
13:55:11.468 | 00 01 02 03 04 05 06 07 08 09 0a 0b 0c  |  -51
13:55:11.732 | 00 01 02 03 04 05 06 07 08 09 0a 0b 0c  |  -52
13:55:11.958 | 00 01 02 03 04 05 06 07 08 09 0a 0b 0c  |  -52
13:55:12.193 | 00 01 02 03 04 05 06 07 08 09 0a 0b 0c  |  -53
13:55:12.415 | 00 01 02 03 04 05 06 07 08 09 0a 0b 0c  |  -51
13:55:12.651 | 00 01 02 03 04 05 06 07 08 09 0a 0b 0c  |  -50
13:55:12.872 | 00 01 02 03 04 05 06 07 08 09 0a 0b 0c  |  -51
13:55:13.092 | 00 01 02 03 04 05 06 07 08 09 0a 0b 0c  |  -50
13:55:13.341 | 00 01 02 03 04 05 06 07 08 09 0a 0b 0c  |  -50
13:55:13.580 | 00 01 02 03 04 05 06 07 08 09 0a 0b 0c  |  -51
13:55:13.832 | 00 01 02 03 04 05 06 07 08 09 0a 0b 0c  |  -51
13:55:14.060 | 00 01 02 03 04 05 06 07 08 09 0a 0b 0c  |  -54
13:55:14.301 | 00 01 02 03 04 05 06 07 08 09 0a 0b 0c  |  -51
13:55:14.532 | 00 01 02 03 04 05 06 07 08 09 0a 0b 0c  |  -49
13:55:14.770 | 00 01 02 03 04 05 06 07 08 09 0a 0b 0c  |  -53
13:55:14.991 | 00 01 02 03 04 05 06 07 08 09 0a 0b 0c  |  -53
13:55:15.214 | 00 01 02 03 04 05 06 07 08 09 0a 0b 0c  |  -52
13:55:15.482 | 00 01 02 03 04 05 06 07 08 09 0a 0b 0c  |  -54
13:55:15.704 | 00 01 02 03 04 05 06 07 08 09 0a 0b 0c  |  -54
13:55:15.939 | 00 01 02 03 04 05 06 07 08 09 0a 0b 0c  |  -52
13:55:16.160 | 00 01 02 03 04 05 06 07 08 09 0a 0b 0c  |  -51
13:55:16.397 | 00 01 02 03 04 05 06 07 08 09 0a 0b 0c  |  -52
13:55:16.633 | 00 01 02 03 04 05 06 07 08 09 0a 0b 0c  |  -52
13:55:16.868 | 00 01 02 03 04 05 06 07 08 09 0a 0b 0c  |  -50
13:55:17.106 | 00 01 02 03 04 05 06 07 08 09 0a 0b 0c  |  -50
13:55:17.325 | 00 01 02 03 04 05 06 07 08 09 0a 0b 0c  |  -49
13:55:17.565 | 00 01 02 03 04 05 06 07 08 09 0a 0b 0c  |  -49
13:55:17.782 | 00 01 02 03 04 05 06 07 08 09 0a 0b 0c  |  -51
13:55:18.015 | 00 01 02 03 04 05 06 07 08 09 0a 0b 0c  |  -51
13:55:18.222 | 00 01 02 03 04 05 06 07 08 09 0a 0b 0c  |  -54
13:55:18.458 | 00 01 02 03 04 05 06 07 08 09 0a 0b 0c  |  -54
13:55:18.689 | 00 01 02 03 04 05 06 07 08 09 0a 0b 0c  |  -51
13:55:18.925 | 00 01 02 03 04 05 06 07 08 09 0a 0b 0c  |  -50
13:55:19.151 | 00 01 02 03 04 05 06 07 08 09 0a 0b 0c  |  -50
13:55:19.387 | 00 01 02 03 04 05 06 07 08 09 0a 0b 0c  |  -53
13:55:19.624 | 00 01 02 03 04 05 06 07 08 09 0a 0b 0c  |  -52
13:55:19.859 | 00 01 02 03 04 05 06 07 08 09 0a 0b 0c  |  -49
13:55:20.081 | 00 01 02 03 04 05 06 07 08 09 0a 0b 0c  |  -48
13:55:20.294 | 00 01 02 03 04 05 06 07 08 09 0a 0b 0c  |  -47
13:55:20.514 | 00 01 02 03 04 05 06 07 08 09 0a 0b 0c  |  -48
13:55:20.770 | 00 01 02 03 04 05 06 07 08 09 0a 0b 0c  |  -48
13:55:21.013 | 00 01 02 03 04 05 06 07 08 09 0a 0b 0c  |  -48
13:55:21.248 | 00 01 02 03 04 05 06 07 08 09 0a 0b 0c  |  -49
13:55:21.485 | 00 01 02 03 04 05 06 07 08 09 0a 0b 0c  |  -48
13:55:21.720 | 00 01 02 03 04 05 06 07 08 09 0a 0b 0c  |  -48
13:55:21.958 | 00 01 02 03 04 05 06 07 08 09 0a 0b 0c  |  -48
13:55:22.190 | 00 01 02 03 04 05 06 07 08 09 0a 0b 0c  |  -48
13:55:22.439 | 00 01 02 03 04 05 06 07 08 09 0a 0b 0c  |  -49
13:55:22.663 | 00 01 02 03 04 05 06 07 08 09 0a 0b 0c  |  -49
13:55:22.899 | 00 01 02 03 04 05 06 07 08 09 0a 0b 0c  |  -50
13:55:23.185 | 00 01 02 03 04 05 06 07 08 09 0a 0b 0c  |  -50
13:55:23.359 | 00 01 02 03 04 05 06 07 08 09 0a 0b 0c  |  -51
13:55:23.595 | 00 01 02 03 04 05 06 07 08 09 0a 0b 0c  |  -52
13:55:23.834 | 00 01 02 03 04 05 06 07 08 09 0a 0b 0c  |  -51
13:55:24.068 | 00 01 02 03 04 05 06 07 08 09 0a 0b 0c  |  -51
13:55:24.287 | 00 01 02 03 04 05 06 07 08 09 0a 0b 0c  |  -51
13:55:24.519 | 00 01 02 03 04 05 06 07 08 09 0a 0b 0c  |  -51
13:55:24.727 | 00 01 02 03 04 05 06 07 08 09 0a 0b 0c  |  -52
13:55:24.965 | 00 01 02 03 04 05 06 07 08 09 0a 0b 0c  |  -52
13:55:25.202 | 00 01 02 03 04 05 06 07 08 09 0a 0b 0c  |  -52
13:55:25.438 | 00 01 02 03 04 05 06 07 08 09 0a 0b 0c  |  -51
13:55:25.676 | 00 01 02 03 04 05 06 07 08 09 0a 0b 0c  |  -52
13:55:25.923 | 00 01 02 03 04 05 06 07 08 09 0a 0b 0c  |  -52
13:55:26.131 | 00 01 02 03 04 05 06 07 08 09 0a 0b 0c  |  -52
13:55:26.383 | 00 01 02 03 04 05 06 07 08 09 0a 0b 0c  |  -49
13:55:26.634 | 00 01 02 03 04 05 06 07 08 09 0a 0b 0c  |  -48
13:55:26.864 | 00 01 02 03 04 05 06 07 08 09 0a 0b 0c  |  -48
13:55:27.092 | 00 01 02 03 04 05 06 07 08 09 0a 0b 0c  |  -49
13:55:27.325 | 00 01 02 03 04 05 06 07 08 09 0a 0b 0c  |  -49
13:55:27.564 | 00 01 02 03 04 05 06 07 08 09 0a 0b 0c  |  -49
13:55:27.785 | 00 01 02 03 04 05 06 07 08 09 0a 0b 0c  |  -50
13:55:28.021 | 00 01 02 03 04 05 06 07 08 09 0a 0b 0c  |  -50
13:55:28.273 | 00 01 02 03 04 05 06 07 08 09 0a 0b 0c  |  -49
13:55:28.493 | 00 01 02 03 04 05 06 07 08 09 0a 0b 0c  |  -50
13:55:28.734 | 00 01 02 03 04 05 06 07 08 09 0a 0b 0c  |  -49
13:55:28.972 | 00 01 02 03 04 05 06 07 08 09 0a 0b 0c  |  -50
13:55:29.211 | 00 01 02 03 04 05 06 07 08 09 0a 0b 0c  |  -50
13:55:29.444 | 00 01 02 03 04 05 06 07 08 09 0a 0b 0c  |  -50
13:55:29.664 | 00 01 02 03 04 05 06 07 08 09 0a 0b 0c  |  -52
13:55:29.884 | 00 01 02 03 04 05 06 07 08 09 0a 0b 0c  |  -51
13:55:30.131 | 00 01 02 03 04 05 06 07 08 09 0a 0b 0c  |  -50
13:55:30.371 | 00 01 02 03 04 05 06 07 08 09 0a 0b 0c  |  -52
13:55:30.610 | 00 01 02 03 04 05 06 07 08 09 0a 0b 0c  |  -52
13:55:30.832 | 00 01 02 03 04 05 06 07 08 09 0a 0b 0c  |  -55
13:55:31.049 | 00 01 02 03 04 05 06 07 08 09 0a 0b 0c  |  -54
13:55:31.283 | 00 01 02 03 04 05 06 07 08 09 0a 0b 0c  |  -52
13:55:31.520 | 00 01 02 03 04 05 06 07 08 09 0a 0b 0c  |  -49
13:55:31.740 | 00 01 02 03 04 05 06 07 08 09 0a 0b 0c  |  -45
13:55:31.976 | 00 01 02 03 04 05 06 07 08 09 0a 0b 0c  |  -44
13:55:32.227 | 00 01 02 03 04 05 06 07 08 09 0a 0b 0c  |  -44
13:55:32.448 | 00 01 02 03 04 05 06 07 08 09 0a 0b 0c  |  -44
13:55:32.708 | 00 01 02 03 04 05 06 07 08 09 0a 0b 0c  |  -46
13:55:32.944 | 00 01 02 03 04 05 06 07 08 09 0a 0b 0c  |  -47
13:55:33.197 | 00 01 02 03 04 05 06 07 08 09 0a 0b 0c  |  -48
13:55:33.417 | 00 01 02 03 04 05 06 07 08 09 0a 0b 0c  |  -48
13:55:33.669 | 00 01 02 03 04 05 06 07 08 09 0a 0b 0c  |  -48
13:55:33.891 | 00 01 02 03 04 05 06 07 08 09 0a 0b 0c  |  -48
13:55:34.110 | 00 01 02 03 04 05 06 07 08 09 0a 0b 0c  |  -47
13:55:34.344 | 00 01 02 03 04 05 06 07 08 09 0a 0b 0c  |  -48
13:55:34.582 | 00 01 02 03 04 05 06 07 08 09 0a 0b 0c  |  -47
13:55:34.802 | 00 01 02 03 04 05 06 07 08 09 0a 0b 0c  |  -46
13:55:35.022 | 00 01 02 03 04 05 06 07 08 09 0a 0b 0c  |  -45
13:55:35.308 | 00 01 02 03 04 05 06 07 08 09 0a 0b 0c  |  -45
13:55:35.541 | 00 01 02 03 04 05 06 07 08 09 0a 0b 0c  |  -45
13:55:35.771 | 00 01 02 03 04 05 06 07 08 09 0a 0b 0c  |  -45
13:55:35.992 | 00 01 02 03 04 05 06 07 08 09 0a 0b 0c  |  -45
13:55:36.224 | 00 01 02 03 04 05 06 07 08 09 0a 0b 0c  |  -44
13:55:36.461 | 00 01 02 03 04 05 06 07 08 09 0a 0b 0c  |  -44
13:55:36.697 | 00 01 02 03 04 05 06 07 08 09 0a 0b 0c  |  -44
13:55:36.948 | 00 01 02 03 04 05 06 07 08 09 0a 0b 0c  |  -44
13:55:37.184 | 00 01 02 03 04 05 06 07 08 09 0a 0b 0c  |  -44
13:55:37.402 | 00 01 02 03 04 05 06 07 08 09 0a 0b 0c  |  -44
13:55:37.638 | 00 01 02 03 04 05 06 07 08 09 0a 0b 0c  |  -44
13:55:37.890 | 00 01 02 03 04 05 06 07 08 09 0a 0b 0c  |  -44
13:55:38.126 | 00 01 02 03 04 05 06 07 08 09 0a 0b 0c  |  -44
13:55:38.351 | 00 01 02 03 04 05 06 07 08 09 0a 0b 0c  |  -44
13:55:38.598 | 00 01 02 03 04 05 06 07 08 09 0a 0b 0c  |  -44
13:55:38.843 | 00 01 02 03 04 05 06 07 08 09 0a 0b 0c  |  -44
13:55:39.086 | 00 01 02 03 04 05 06 07 08 09 0a 0b 0c  |  -44
13:55:39.309 | 00 01 02 03 04 05 06 07 08 09 0a 0b 0c  |  -44
13:55:39.530 | 00 01 02 03 04 05 06 07 08 09 0a 0b 0c  |  -44
13:55:39.753 | 00 01 02 03 04 05 06 07 08 09 0a 0b 0c  |  -44
13:55:39.986 | 00 01 02 03 04 05 06 07 08 09 0a 0b 0c  |  -44
13:55:40.231 | 00 01 02 03 04 05 06 07 08 09 0a 0b 0c  |  -44
13:55:40.491 | 00 01 02 03 04 05 06 07 08 09 0a 0b 0c  |  -44
13:55:40.710 | 00 01 02 03 04 05 06 07 08 09 0a 0b 0c  |  -44
13:55:40.947 | 00 01 02 03 04 05 06 07 08 09 0a 0b 0c  |  -44
13:55:41.199 | 00 01 02 03 04 05 06 07 08 09 0a 0b 0c  |  -43
13:55:41.422 | 00 01 02 03 04 05 06 07 08 09 0a 0b 0c  |  -44
13:55:41.690 | 00 01 02 03 04 05 06 07 08 09 0a 0b 0c  |  -43
13:55:41.894 | 00 01 02 03 04 05 06 07 08 09 0a 0b 0c  |  -43
13:55:42.145 | 00 01 02 03 04 05 06 07 08 09 0a 0b 0c  |  -44
13:55:42.363 | 00 01 02 03 04 05 06 07 08 09 0a 0b 0c  |  -43
13:55:42.613 | 00 01 02 03 04 05 06 07 08 09 0a 0b 0c  |  -44
13:55:42.836 | 00 01 02 03 04 05 06 07 08 09 0a 0b 0c  |  -43
13:55:43.073 | 00 01 02 03 04 05 06 07 08 09 0a 0b 0c  |  -44
13:55:43.310 | 00 01 02 03 04 05 06 07 08 09 0a 0b 0c  |  -44
13:55:43.545 | 00 01 02 03 04 05 06 07 08 09 0a 0b 0c  |  -44
13:55:43.766 | 00 01 02 03 04 05 06 07 08 09 0a 0b 0c  |  -44
13:55:44.002 | 00 01 02 03 04 05 06 07 08 09 0a 0b 0c  |  -44
13:55:44.233 | 00 01 02 03 04 05 06 07 08 09 0a 0b 0c  |  -44
13:55:44.485 | 00 01 02 03 04 05 06 07 08 09 0a 0b 0c  |  -44
13:55:44.727 | 00 01 02 03 04 05 06 07 08 09 0a 0b 0c  |  -44
13:55:44.942 | 00 01 02 03 04 05 06 07 08 09 0a 0b 0c  |  -44
13:55:45.208 | 00 01 02 03 04 05 06 07 08 09 0a 0b 0c  |  -43
13:55:45.440 | 00 01 02 03 04 05 06 07 08 09 0a 0b 0c  |  -43
13:55:45.676 | 00 01 02 03 04 05 06 07 08 09 0a 0b 0c  |  -44
13:55:45.897 | 00 01 02 03 04 05 06 07 08 09 0a 0b 0c  |  -44
13:55:46.150 | 00 01 02 03 04 05 06 07 08 09 0a 0b 0c  |  -44
13:55:46.380 | 00 01 02 03 04 05 06 07 08 09 0a 0b 0c  |  -44
13:55:46.590 | 00 01 02 03 04 05 06 07 08 09 0a 0b 0c  |  -43
13:55:46.829 | 00 01 02 03 04 05 06 07 08 09 0a 0b 0c  |  -43
13:55:47.065 | 00 01 02 03 04 05 06 07 08 09 0a 0b 0c  |  -43
13:55:47.291 | 00 01 02 03 04 05 06 07 08 09 0a 0b 0c  |  -44
13:55:47.527 | 00 01 02 03 04 05 06 07 08 09 0a 0b 0c  |  -44
13:55:47.774 | 00 01 02 03 04 05 06 07 08 09 0a 0b 0c  |  -44
13:55:47.983 | 00 01 02 03 04 05 06 07 08 09 0a 0b 0c  |  -43
13:55:48.212 | 00 01 02 03 04 05 06 07 08 09 0a 0b 0c  |  -44
13:55:48.443 | 00 01 02 03 04 05 06 07 08 09 0a 0b 0c  |  -44
13:55:48.665 | 00 01 02 03 04 05 06 07 08 09 0a 0b 0c  |  -44
13:55:48.893 | 00 01 02 03 04 05 06 07 08 09 0a 0b 0c  |  -44
13:55:49.111 | 00 01 02 03 04 05 06 07 08 09 0a 0b 0c  |  -44
13:55:49.348 | 00 01 02 03 04 05 06 07 08 09 0a 0b 0c  |  -43
13:55:49.582 | 00 01 02 03 04 05 06 07 08 09 0a 0b 0c  |  -43
13:55:49.844 | 00 01 02 03 04 05 06 07 08 09 0a 0b 0c  |  -44
13:55:50.085 | 00 01 02 03 04 05 06 07 08 09 0a 0b 0c  |  -44
13:55:50.344 | 00 01 02 03 04 05 06 07 08 09 0a 0b 0c  |  -43
13:55:50.576 | 00 01 02 03 04 05 06 07 08 09 0a 0b 0c  |  -43
13:55:50.812 | 00 01 02 03 04 05 06 07 08 09 0a 0b 0c  |  -44
13:55:51.048 | 00 01 02 03 04 05 06 07 08 09 0a 0b 0c  |  -44
13:55:51.332 | 00 01 02 03 04 05 06 07 08 09 0a 0b 0c  |  -44
13:55:51.505 | 00 01 02 03 04 05 06 07 08 09 0a 0b 0c  |  -44
13:55:51.748 | 00 01 02 03 04 05 06 07 08 09 0a 0b 0c  |  -44
13:55:51.955 | 00 01 02 03 04 05 06 07 08 09 0a 0b 0c  |  -44
13:55:52.196 | 00 01 02 03 04 05 06 07 08 09 0a 0b 0c  |  -44
13:55:52.447 | 00 01 02 03 04 05 06 07 08 09 0a 0b 0c  |  -44
13:55:52.685 | 00 01 02 03 04 05 06 07 08 09 0a 0b 0c  |  -44
13:55:52.940 | 00 01 02 03 04 05 06 07 08 09 0a 0b 0c  |  -44
13:55:53.174 | 00 01 02 03 04 05 06 07 08 09 0a 0b 0c  |  -44
13:55:53.394 | 00 01 02 03 04 05 06 07 08 09 0a 0b 0c  |  -44
13:55:53.616 | 00 01 02 03 04 05 06 07 08 09 0a 0b 0c  |  -44
13:55:53.851 | 00 01 02 03 04 05 06 07 08 09 0a 0b 0c  |  -44
13:55:54.087 | 00 01 02 03 04 05 06 07 08 09 0a 0b 0c  |  -43
13:55:54.307 | 00 01 02 03 04 05 06 07 08 09 0a 0b 0c  |  -44
13:55:54.543 | 00 01 02 03 04 05 06 07 08 09 0a 0b 0c  |  -44
13:55:54.764 | 00 01 02 03 04 05 06 07 08 09 0a 0b 0c  |  -44
13:55:55.017 | 00 01 02 03 04 05 06 07 08 09 0a 0b 0c  |  -44
13:55:55.237 | 00 01 02 03 04 05 06 07 08 09 0a 0b 0c  |  -44
13:55:55.488 | 00 01 02 03 04 05 06 07 08 09 0a 0b 0c  |  -44
13:55:55.709 | 00 01 02 03 04 05 06 07 08 09 0a 0b 0c  |  -44
13:55:55.954 | 00 01 02 03 04 05 06 07 08 09 0a 0b 0c  |  -44
13:55:56.198 | 00 01 02 03 04 05 06 07 08 09 0a 0b 0c  |  -44
13:55:56.434 | 00 01 02 03 04 05 06 07 08 09 0a 0b 0c  |  -44
13:55:56.670 | 00 01 02 03 04 05 06 07 08 09 0a 0b 0c  |  -43
13:55:56.903 | 00 01 02 03 04 05 06 07 08 09 0a 0b 0c  |  -44
13:55:57.127 | 00 01 02 03 04 05 06 07 08 09 0a 0b 0c  |  -45
13:55:57.347 | 00 01 02 03 04 05 06 07 08 09 0a 0b 0c  |  -45
13:55:57.584 | 00 01 02 03 04 05 06 07 08 09 0a 0b 0c  |  -44
13:55:57.826 | 00 01 02 03 04 05 06 07 08 09 0a 0b 0c  |  -45
13:55:58.074 | 00 01 02 03 04 05 06 07 08 09 0a 0b 0c  |  -46
13:55:58.327 | 00 01 02 03 04 05 06 07 08 09 0a 0b 0c  |  -47
13:55:58.563 | 00 01 02 03 04 05 06 07 08 09 0a 0b 0c  |  -48
13:55:58.783 | 00 01 02 03 04 05 06 07 08 09 0a 0b 0c  |  -48
13:55:59.019 | 00 01 02 03 04 05 06 07 08 09 0a 0b 0c  |  -47
13:55:59.263 | 00 01 02 03 04 05 06 07 08 09 0a 0b 0c  |  -47
13:55:59.498 | 00 01 02 03 04 05 06 07 08 09 0a 0b 0c  |  -47
13:55:59.727 | 00 01 02 03 04 05 06 07 08 09 0a 0b 0c  |  -47
13:55:59.966 | 00 01 02 03 04 05 06 07 08 09 0a 0b 0c  |  -47
13:56:00.202 | 00 01 02 03 04 05 06 07 08 09 0a 0b 0c  |  -47
13:56:00.422 | 00 01 02 03 04 05 06 07 08 09 0a 0b 0c  |  -48
